,0,1,2,3,4,5,6,7,8,9,10,11,12,13,14,15,16,17,18,19,20,21,22,23,24,25,26,27,28,29,30,31,32,33,34,35,36,37,38,39,40,41,42,43,44,45,46,47,48,49,50,51,52,53,54,55,56,57,58,59,60,61,62,63,64,65,66,67,68,69,70,71,72,73,74,75,76,77,78,79,80,81,82,83,84,85,86,87,88,89,90,91,92,93,94,95,96,97,98,99
0,0.0,0.010101010101010102,0.020202020202020204,0.030303030303030304,0.04040404040404041,0.05050505050505051,0.06060606060606061,0.07070707070707072,0.08080808080808081,0.09090909090909091,0.10101010101010102,0.11111111111111112,0.12121212121212122,0.13131313131313133,0.14141414141414144,0.15151515151515152,0.16161616161616163,0.17171717171717174,0.18181818181818182,0.19191919191919193,0.20202020202020204,0.21212121212121213,0.22222222222222224,0.23232323232323235,0.24242424242424243,0.25252525252525254,0.26262626262626265,0.27272727272727276,0.2828282828282829,0.29292929292929293,0.30303030303030304,0.31313131313131315,0.32323232323232326,0.33333333333333337,0.3434343434343435,0.3535353535353536,0.36363636363636365,0.37373737373737376,0.38383838383838387,0.393939393939394,0.4040404040404041,0.4141414141414142,0.42424242424242425,0.43434343434343436,0.4444444444444445,0.4545454545454546,0.4646464646464647,0.4747474747474748,0.48484848484848486,0.494949494949495,0.5050505050505051,0.5151515151515152,0.5252525252525253,0.5353535353535354,0.5454545454545455,0.5555555555555556,0.5656565656565657,0.5757575757575758,0.5858585858585859,0.595959595959596,0.6060606060606061,0.6161616161616162,0.6262626262626263,0.6363636363636365,0.6464646464646465,0.6565656565656566,0.6666666666666667,0.6767676767676768,0.686868686868687,0.696969696969697,0.7070707070707072,0.7171717171717172,0.7272727272727273,0.7373737373737375,0.7474747474747475,0.7575757575757577,0.7676767676767677,0.7777777777777778,0.787878787878788,0.797979797979798,0.8080808080808082,0.8181818181818182,0.8282828282828284,0.8383838383838385,0.8484848484848485,0.8585858585858587,0.8686868686868687,0.8787878787878789,0.888888888888889,0.8989898989898991,0.9090909090909092,0.9191919191919192,0.9292929292929294,0.9393939393939394,0.9494949494949496,0.9595959595959597,0.9696969696969697,0.9797979797979799,0.98989898989899,1.0
1,0.0,0.010101010101010102,0.020202020202020204,0.030303030303030304,0.04040404040404041,0.05050505050505051,0.06060606060606061,0.07070707070707072,0.08080808080808081,0.09090909090909091,0.10101010101010102,0.11111111111111112,0.12121212121212122,0.13131313131313133,0.14141414141414144,0.15151515151515152,0.16161616161616163,0.17171717171717174,0.18181818181818182,0.19191919191919193,0.20202020202020204,0.21212121212121213,0.22222222222222224,0.23232323232323235,0.24242424242424243,0.25252525252525254,0.26262626262626265,0.27272727272727276,0.2828282828282829,0.29292929292929293,0.30303030303030304,0.31313131313131315,0.32323232323232326,0.33333333333333337,0.3434343434343435,0.3535353535353536,0.36363636363636365,0.37373737373737376,0.38383838383838387,0.393939393939394,0.4040404040404041,0.4141414141414142,0.42424242424242425,0.43434343434343436,0.4444444444444445,0.4545454545454546,0.4646464646464647,0.4747474747474748,0.48484848484848486,0.494949494949495,0.5050505050505051,0.5151515151515152,0.5252525252525253,0.5353535353535354,0.5454545454545455,0.5555555555555556,0.5656565656565657,0.5757575757575758,0.5858585858585859,0.595959595959596,0.6060606060606061,0.6161616161616162,0.6262626262626263,0.6363636363636365,0.6464646464646465,0.6565656565656566,0.6666666666666667,0.6767676767676768,0.686868686868687,0.696969696969697,0.7070707070707072,0.7171717171717172,0.7272727272727273,0.7373737373737375,0.7474747474747475,0.7575757575757577,0.7676767676767677,0.7777777777777778,0.787878787878788,0.797979797979798,0.8080808080808082,0.8181818181818182,0.8282828282828284,0.8383838383838385,0.8484848484848485,0.8585858585858587,0.8686868686868687,0.8787878787878789,0.888888888888889,0.8989898989898991,0.9090909090909092,0.9191919191919192,0.9292929292929294,0.9393939393939394,0.9494949494949496,0.9595959595959597,0.9696969696969697,0.9797979797979799,0.98989898989899,1.0
2,0.0,0.010101010101010102,0.020202020202020204,0.030303030303030304,0.04040404040404041,0.05050505050505051,0.06060606060606061,0.07070707070707072,0.08080808080808081,0.09090909090909091,0.10101010101010102,0.11111111111111112,0.12121212121212122,0.13131313131313133,0.14141414141414144,0.15151515151515152,0.16161616161616163,0.17171717171717174,0.18181818181818182,0.19191919191919193,0.20202020202020204,0.21212121212121213,0.22222222222222224,0.23232323232323235,0.24242424242424243,0.25252525252525254,0.26262626262626265,0.27272727272727276,0.2828282828282829,0.29292929292929293,0.30303030303030304,0.31313131313131315,0.32323232323232326,0.33333333333333337,0.3434343434343435,0.3535353535353536,0.36363636363636365,0.37373737373737376,0.38383838383838387,0.393939393939394,0.4040404040404041,0.4141414141414142,0.42424242424242425,0.43434343434343436,0.4444444444444445,0.4545454545454546,0.4646464646464647,0.4747474747474748,0.48484848484848486,0.494949494949495,0.5050505050505051,0.5151515151515152,0.5252525252525253,0.5353535353535354,0.5454545454545455,0.5555555555555556,0.5656565656565657,0.5757575757575758,0.5858585858585859,0.595959595959596,0.6060606060606061,0.6161616161616162,0.6262626262626263,0.6363636363636365,0.6464646464646465,0.6565656565656566,0.6666666666666667,0.6767676767676768,0.686868686868687,0.696969696969697,0.7070707070707072,0.7171717171717172,0.7272727272727273,0.7373737373737375,0.7474747474747475,0.7575757575757577,0.7676767676767677,0.7777777777777778,0.787878787878788,0.797979797979798,0.8080808080808082,0.8181818181818182,0.8282828282828284,0.8383838383838385,0.8484848484848485,0.8585858585858587,0.8686868686868687,0.8787878787878789,0.888888888888889,0.8989898989898991,0.9090909090909092,0.9191919191919192,0.9292929292929294,0.9393939393939394,0.9494949494949496,0.9595959595959597,0.9696969696969697,0.9797979797979799,0.98989898989899,1.0
3,0.0,0.010101010101010102,0.020202020202020204,0.030303030303030304,0.04040404040404041,0.05050505050505051,0.06060606060606061,0.07070707070707072,0.08080808080808081,0.09090909090909091,0.10101010101010102,0.11111111111111112,0.12121212121212122,0.13131313131313133,0.14141414141414144,0.15151515151515152,0.16161616161616163,0.17171717171717174,0.18181818181818182,0.19191919191919193,0.20202020202020204,0.21212121212121213,0.22222222222222224,0.23232323232323235,0.24242424242424243,0.25252525252525254,0.26262626262626265,0.27272727272727276,0.2828282828282829,0.29292929292929293,0.30303030303030304,0.31313131313131315,0.32323232323232326,0.33333333333333337,0.3434343434343435,0.3535353535353536,0.36363636363636365,0.37373737373737376,0.38383838383838387,0.393939393939394,0.4040404040404041,0.4141414141414142,0.42424242424242425,0.43434343434343436,0.4444444444444445,0.4545454545454546,0.4646464646464647,0.4747474747474748,0.48484848484848486,0.494949494949495,0.5050505050505051,0.5151515151515152,0.5252525252525253,0.5353535353535354,0.5454545454545455,0.5555555555555556,0.5656565656565657,0.5757575757575758,0.5858585858585859,0.595959595959596,0.6060606060606061,0.6161616161616162,0.6262626262626263,0.6363636363636365,0.6464646464646465,0.6565656565656566,0.6666666666666667,0.6767676767676768,0.686868686868687,0.696969696969697,0.7070707070707072,0.7171717171717172,0.7272727272727273,0.7373737373737375,0.7474747474747475,0.7575757575757577,0.7676767676767677,0.7777777777777778,0.787878787878788,0.797979797979798,0.8080808080808082,0.8181818181818182,0.8282828282828284,0.8383838383838385,0.8484848484848485,0.8585858585858587,0.8686868686868687,0.8787878787878789,0.888888888888889,0.8989898989898991,0.9090909090909092,0.9191919191919192,0.9292929292929294,0.9393939393939394,0.9494949494949496,0.9595959595959597,0.9696969696969697,0.9797979797979799,0.98989898989899,1.0
4,0.0,0.010101010101010102,0.020202020202020204,0.030303030303030304,0.04040404040404041,0.05050505050505051,0.06060606060606061,0.07070707070707072,0.08080808080808081,0.09090909090909091,0.10101010101010102,0.11111111111111112,0.12121212121212122,0.13131313131313133,0.14141414141414144,0.15151515151515152,0.16161616161616163,0.17171717171717174,0.18181818181818182,0.19191919191919193,0.20202020202020204,0.21212121212121213,0.22222222222222224,0.23232323232323235,0.24242424242424243,0.25252525252525254,0.26262626262626265,0.27272727272727276,0.2828282828282829,0.29292929292929293,0.30303030303030304,0.31313131313131315,0.32323232323232326,0.33333333333333337,0.3434343434343435,0.3535353535353536,0.36363636363636365,0.37373737373737376,0.38383838383838387,0.393939393939394,0.4040404040404041,0.4141414141414142,0.42424242424242425,0.43434343434343436,0.4444444444444445,0.4545454545454546,0.4646464646464647,0.4747474747474748,0.48484848484848486,0.494949494949495,0.5050505050505051,0.5151515151515152,0.5252525252525253,0.5353535353535354,0.5454545454545455,0.5555555555555556,0.5656565656565657,0.5757575757575758,0.5858585858585859,0.595959595959596,0.6060606060606061,0.6161616161616162,0.6262626262626263,0.6363636363636365,0.6464646464646465,0.6565656565656566,0.6666666666666667,0.6767676767676768,0.686868686868687,0.696969696969697,0.7070707070707072,0.7171717171717172,0.7272727272727273,0.7373737373737375,0.7474747474747475,0.7575757575757577,0.7676767676767677,0.7777777777777778,0.787878787878788,0.797979797979798,0.8080808080808082,0.8181818181818182,0.8282828282828284,0.8383838383838385,0.8484848484848485,0.8585858585858587,0.8686868686868687,0.8787878787878789,0.888888888888889,0.8989898989898991,0.9090909090909092,0.9191919191919192,0.9292929292929294,0.9393939393939394,0.9494949494949496,0.9595959595959597,0.9696969696969697,0.9797979797979799,0.98989898989899,1.0
5,0.0,0.010101010101010102,0.020202020202020204,0.030303030303030304,0.04040404040404041,0.05050505050505051,0.06060606060606061,0.07070707070707072,0.08080808080808081,0.09090909090909091,0.10101010101010102,0.11111111111111112,0.12121212121212122,0.13131313131313133,0.14141414141414144,0.15151515151515152,0.16161616161616163,0.17171717171717174,0.18181818181818182,0.19191919191919193,0.20202020202020204,0.21212121212121213,0.22222222222222224,0.23232323232323235,0.24242424242424243,0.25252525252525254,0.26262626262626265,0.27272727272727276,0.2828282828282829,0.29292929292929293,0.30303030303030304,0.31313131313131315,0.32323232323232326,0.33333333333333337,0.3434343434343435,0.3535353535353536,0.36363636363636365,0.37373737373737376,0.38383838383838387,0.393939393939394,0.4040404040404041,0.4141414141414142,0.42424242424242425,0.43434343434343436,0.4444444444444445,0.4545454545454546,0.4646464646464647,0.4747474747474748,0.48484848484848486,0.494949494949495,0.5050505050505051,0.5151515151515152,0.5252525252525253,0.5353535353535354,0.5454545454545455,0.5555555555555556,0.5656565656565657,0.5757575757575758,0.5858585858585859,0.595959595959596,0.6060606060606061,0.6161616161616162,0.6262626262626263,0.6363636363636365,0.6464646464646465,0.6565656565656566,0.6666666666666667,0.6767676767676768,0.686868686868687,0.696969696969697,0.7070707070707072,0.7171717171717172,0.7272727272727273,0.7373737373737375,0.7474747474747475,0.7575757575757577,0.7676767676767677,0.7777777777777778,0.787878787878788,0.797979797979798,0.8080808080808082,0.8181818181818182,0.8282828282828284,0.8383838383838385,0.8484848484848485,0.8585858585858587,0.8686868686868687,0.8787878787878789,0.888888888888889,0.8989898989898991,0.9090909090909092,0.9191919191919192,0.9292929292929294,0.9393939393939394,0.9494949494949496,0.9595959595959597,0.9696969696969697,0.9797979797979799,0.98989898989899,1.0
6,0.0,0.010101010101010102,0.020202020202020204,0.030303030303030304,0.04040404040404041,0.05050505050505051,0.06060606060606061,0.07070707070707072,0.08080808080808081,0.09090909090909091,0.10101010101010102,0.11111111111111112,0.12121212121212122,0.13131313131313133,0.14141414141414144,0.15151515151515152,0.16161616161616163,0.17171717171717174,0.18181818181818182,0.19191919191919193,0.20202020202020204,0.21212121212121213,0.22222222222222224,0.23232323232323235,0.24242424242424243,0.25252525252525254,0.26262626262626265,0.27272727272727276,0.2828282828282829,0.29292929292929293,0.30303030303030304,0.31313131313131315,0.32323232323232326,0.33333333333333337,0.3434343434343435,0.3535353535353536,0.36363636363636365,0.37373737373737376,0.38383838383838387,0.393939393939394,0.4040404040404041,0.4141414141414142,0.42424242424242425,0.43434343434343436,0.4444444444444445,0.4545454545454546,0.4646464646464647,0.4747474747474748,0.48484848484848486,0.494949494949495,0.5050505050505051,0.5151515151515152,0.5252525252525253,0.5353535353535354,0.5454545454545455,0.5555555555555556,0.5656565656565657,0.5757575757575758,0.5858585858585859,0.595959595959596,0.6060606060606061,0.6161616161616162,0.6262626262626263,0.6363636363636365,0.6464646464646465,0.6565656565656566,0.6666666666666667,0.6767676767676768,0.686868686868687,0.696969696969697,0.7070707070707072,0.7171717171717172,0.7272727272727273,0.7373737373737375,0.7474747474747475,0.7575757575757577,0.7676767676767677,0.7777777777777778,0.787878787878788,0.797979797979798,0.8080808080808082,0.8181818181818182,0.8282828282828284,0.8383838383838385,0.8484848484848485,0.8585858585858587,0.8686868686868687,0.8787878787878789,0.888888888888889,0.8989898989898991,0.9090909090909092,0.9191919191919192,0.9292929292929294,0.9393939393939394,0.9494949494949496,0.9595959595959597,0.9696969696969697,0.9797979797979799,0.98989898989899,1.0
7,0.0,0.010101010101010102,0.020202020202020204,0.030303030303030304,0.04040404040404041,0.05050505050505051,0.06060606060606061,0.07070707070707072,0.08080808080808081,0.09090909090909091,0.10101010101010102,0.11111111111111112,0.12121212121212122,0.13131313131313133,0.14141414141414144,0.15151515151515152,0.16161616161616163,0.17171717171717174,0.18181818181818182,0.19191919191919193,0.20202020202020204,0.21212121212121213,0.22222222222222224,0.23232323232323235,0.24242424242424243,0.25252525252525254,0.26262626262626265,0.27272727272727276,0.2828282828282829,0.29292929292929293,0.30303030303030304,0.31313131313131315,0.32323232323232326,0.33333333333333337,0.3434343434343435,0.3535353535353536,0.36363636363636365,0.37373737373737376,0.38383838383838387,0.393939393939394,0.4040404040404041,0.4141414141414142,0.42424242424242425,0.43434343434343436,0.4444444444444445,0.4545454545454546,0.4646464646464647,0.4747474747474748,0.48484848484848486,0.494949494949495,0.5050505050505051,0.5151515151515152,0.5252525252525253,0.5353535353535354,0.5454545454545455,0.5555555555555556,0.5656565656565657,0.5757575757575758,0.5858585858585859,0.595959595959596,0.6060606060606061,0.6161616161616162,0.6262626262626263,0.6363636363636365,0.6464646464646465,0.6565656565656566,0.6666666666666667,0.6767676767676768,0.686868686868687,0.696969696969697,0.7070707070707072,0.7171717171717172,0.7272727272727273,0.7373737373737375,0.7474747474747475,0.7575757575757577,0.7676767676767677,0.7777777777777778,0.787878787878788,0.797979797979798,0.8080808080808082,0.8181818181818182,0.8282828282828284,0.8383838383838385,0.8484848484848485,0.8585858585858587,0.8686868686868687,0.8787878787878789,0.888888888888889,0.8989898989898991,0.9090909090909092,0.9191919191919192,0.9292929292929294,0.9393939393939394,0.9494949494949496,0.9595959595959597,0.9696969696969697,0.9797979797979799,0.98989898989899,1.0
8,0.0,0.010101010101010102,0.020202020202020204,0.030303030303030304,0.04040404040404041,0.05050505050505051,0.06060606060606061,0.07070707070707072,0.08080808080808081,0.09090909090909091,0.10101010101010102,0.11111111111111112,0.12121212121212122,0.13131313131313133,0.14141414141414144,0.15151515151515152,0.16161616161616163,0.17171717171717174,0.18181818181818182,0.19191919191919193,0.20202020202020204,0.21212121212121213,0.22222222222222224,0.23232323232323235,0.24242424242424243,0.25252525252525254,0.26262626262626265,0.27272727272727276,0.2828282828282829,0.29292929292929293,0.30303030303030304,0.31313131313131315,0.32323232323232326,0.33333333333333337,0.3434343434343435,0.3535353535353536,0.36363636363636365,0.37373737373737376,0.38383838383838387,0.393939393939394,0.4040404040404041,0.4141414141414142,0.42424242424242425,0.43434343434343436,0.4444444444444445,0.4545454545454546,0.4646464646464647,0.4747474747474748,0.48484848484848486,0.494949494949495,0.5050505050505051,0.5151515151515152,0.5252525252525253,0.5353535353535354,0.5454545454545455,0.5555555555555556,0.5656565656565657,0.5757575757575758,0.5858585858585859,0.595959595959596,0.6060606060606061,0.6161616161616162,0.6262626262626263,0.6363636363636365,0.6464646464646465,0.6565656565656566,0.6666666666666667,0.6767676767676768,0.686868686868687,0.696969696969697,0.7070707070707072,0.7171717171717172,0.7272727272727273,0.7373737373737375,0.7474747474747475,0.7575757575757577,0.7676767676767677,0.7777777777777778,0.787878787878788,0.797979797979798,0.8080808080808082,0.8181818181818182,0.8282828282828284,0.8383838383838385,0.8484848484848485,0.8585858585858587,0.8686868686868687,0.8787878787878789,0.888888888888889,0.8989898989898991,0.9090909090909092,0.9191919191919192,0.9292929292929294,0.9393939393939394,0.9494949494949496,0.9595959595959597,0.9696969696969697,0.9797979797979799,0.98989898989899,1.0
9,0.0,0.010101010101010102,0.020202020202020204,0.030303030303030304,0.04040404040404041,0.05050505050505051,0.06060606060606061,0.07070707070707072,0.08080808080808081,0.09090909090909091,0.10101010101010102,0.11111111111111112,0.12121212121212122,0.13131313131313133,0.14141414141414144,0.15151515151515152,0.16161616161616163,0.17171717171717174,0.18181818181818182,0.19191919191919193,0.20202020202020204,0.21212121212121213,0.22222222222222224,0.23232323232323235,0.24242424242424243,0.25252525252525254,0.26262626262626265,0.27272727272727276,0.2828282828282829,0.29292929292929293,0.30303030303030304,0.31313131313131315,0.32323232323232326,0.33333333333333337,0.3434343434343435,0.3535353535353536,0.36363636363636365,0.37373737373737376,0.38383838383838387,0.393939393939394,0.4040404040404041,0.4141414141414142,0.42424242424242425,0.43434343434343436,0.4444444444444445,0.4545454545454546,0.4646464646464647,0.4747474747474748,0.48484848484848486,0.494949494949495,0.5050505050505051,0.5151515151515152,0.5252525252525253,0.5353535353535354,0.5454545454545455,0.5555555555555556,0.5656565656565657,0.5757575757575758,0.5858585858585859,0.595959595959596,0.6060606060606061,0.6161616161616162,0.6262626262626263,0.6363636363636365,0.6464646464646465,0.6565656565656566,0.6666666666666667,0.6767676767676768,0.686868686868687,0.696969696969697,0.7070707070707072,0.7171717171717172,0.7272727272727273,0.7373737373737375,0.7474747474747475,0.7575757575757577,0.7676767676767677,0.7777777777777778,0.787878787878788,0.797979797979798,0.8080808080808082,0.8181818181818182,0.8282828282828284,0.8383838383838385,0.8484848484848485,0.8585858585858587,0.8686868686868687,0.8787878787878789,0.888888888888889,0.8989898989898991,0.9090909090909092,0.9191919191919192,0.9292929292929294,0.9393939393939394,0.9494949494949496,0.9595959595959597,0.9696969696969697,0.9797979797979799,0.98989898989899,1.0
10,0.0,0.010101010101010102,0.020202020202020204,0.030303030303030304,0.04040404040404041,0.05050505050505051,0.06060606060606061,0.07070707070707072,0.08080808080808081,0.09090909090909091,0.10101010101010102,0.11111111111111112,0.12121212121212122,0.13131313131313133,0.14141414141414144,0.15151515151515152,0.16161616161616163,0.17171717171717174,0.18181818181818182,0.19191919191919193,0.20202020202020204,0.21212121212121213,0.22222222222222224,0.23232323232323235,0.24242424242424243,0.25252525252525254,0.26262626262626265,0.27272727272727276,0.2828282828282829,0.29292929292929293,0.30303030303030304,0.31313131313131315,0.32323232323232326,0.33333333333333337,0.3434343434343435,0.3535353535353536,0.36363636363636365,0.37373737373737376,0.38383838383838387,0.393939393939394,0.4040404040404041,0.4141414141414142,0.42424242424242425,0.43434343434343436,0.4444444444444445,0.4545454545454546,0.4646464646464647,0.4747474747474748,0.48484848484848486,0.494949494949495,0.5050505050505051,0.5151515151515152,0.5252525252525253,0.5353535353535354,0.5454545454545455,0.5555555555555556,0.5656565656565657,0.5757575757575758,0.5858585858585859,0.595959595959596,0.6060606060606061,0.6161616161616162,0.6262626262626263,0.6363636363636365,0.6464646464646465,0.6565656565656566,0.6666666666666667,0.6767676767676768,0.686868686868687,0.696969696969697,0.7070707070707072,0.7171717171717172,0.7272727272727273,0.7373737373737375,0.7474747474747475,0.7575757575757577,0.7676767676767677,0.7777777777777778,0.787878787878788,0.797979797979798,0.8080808080808082,0.8181818181818182,0.8282828282828284,0.8383838383838385,0.8484848484848485,0.8585858585858587,0.8686868686868687,0.8787878787878789,0.888888888888889,0.8989898989898991,0.9090909090909092,0.9191919191919192,0.9292929292929294,0.9393939393939394,0.9494949494949496,0.9595959595959597,0.9696969696969697,0.9797979797979799,0.98989898989899,1.0
11,0.0,0.010101010101010102,0.020202020202020204,0.030303030303030304,0.04040404040404041,0.05050505050505051,0.06060606060606061,0.07070707070707072,0.08080808080808081,0.09090909090909091,0.10101010101010102,0.11111111111111112,0.12121212121212122,0.13131313131313133,0.14141414141414144,0.15151515151515152,0.16161616161616163,0.17171717171717174,0.18181818181818182,0.19191919191919193,0.20202020202020204,0.21212121212121213,0.22222222222222224,0.23232323232323235,0.24242424242424243,0.25252525252525254,0.26262626262626265,0.27272727272727276,0.2828282828282829,0.29292929292929293,0.30303030303030304,0.31313131313131315,0.32323232323232326,0.33333333333333337,0.3434343434343435,0.3535353535353536,0.36363636363636365,0.37373737373737376,0.38383838383838387,0.393939393939394,0.4040404040404041,0.4141414141414142,0.42424242424242425,0.43434343434343436,0.4444444444444445,0.4545454545454546,0.4646464646464647,0.4747474747474748,0.48484848484848486,0.494949494949495,0.5050505050505051,0.5151515151515152,0.5252525252525253,0.5353535353535354,0.5454545454545455,0.5555555555555556,0.5656565656565657,0.5757575757575758,0.5858585858585859,0.595959595959596,0.6060606060606061,0.6161616161616162,0.6262626262626263,0.6363636363636365,0.6464646464646465,0.6565656565656566,0.6666666666666667,0.6767676767676768,0.686868686868687,0.696969696969697,0.7070707070707072,0.7171717171717172,0.7272727272727273,0.7373737373737375,0.7474747474747475,0.7575757575757577,0.7676767676767677,0.7777777777777778,0.787878787878788,0.797979797979798,0.8080808080808082,0.8181818181818182,0.8282828282828284,0.8383838383838385,0.8484848484848485,0.8585858585858587,0.8686868686868687,0.8787878787878789,0.888888888888889,0.8989898989898991,0.9090909090909092,0.9191919191919192,0.9292929292929294,0.9393939393939394,0.9494949494949496,0.9595959595959597,0.9696969696969697,0.9797979797979799,0.98989898989899,1.0
12,0.0,0.010101010101010102,0.020202020202020204,0.030303030303030304,0.04040404040404041,0.05050505050505051,0.06060606060606061,0.07070707070707072,0.08080808080808081,0.09090909090909091,0.10101010101010102,0.11111111111111112,0.12121212121212122,0.13131313131313133,0.14141414141414144,0.15151515151515152,0.16161616161616163,0.17171717171717174,0.18181818181818182,0.19191919191919193,0.20202020202020204,0.21212121212121213,0.22222222222222224,0.23232323232323235,0.24242424242424243,0.25252525252525254,0.26262626262626265,0.27272727272727276,0.2828282828282829,0.29292929292929293,0.30303030303030304,0.31313131313131315,0.32323232323232326,0.33333333333333337,0.3434343434343435,0.3535353535353536,0.36363636363636365,0.37373737373737376,0.38383838383838387,0.393939393939394,0.4040404040404041,0.4141414141414142,0.42424242424242425,0.43434343434343436,0.4444444444444445,0.4545454545454546,0.4646464646464647,0.4747474747474748,0.48484848484848486,0.494949494949495,0.5050505050505051,0.5151515151515152,0.5252525252525253,0.5353535353535354,0.5454545454545455,0.5555555555555556,0.5656565656565657,0.5757575757575758,0.5858585858585859,0.595959595959596,0.6060606060606061,0.6161616161616162,0.6262626262626263,0.6363636363636365,0.6464646464646465,0.6565656565656566,0.6666666666666667,0.6767676767676768,0.686868686868687,0.696969696969697,0.7070707070707072,0.7171717171717172,0.7272727272727273,0.7373737373737375,0.7474747474747475,0.7575757575757577,0.7676767676767677,0.7777777777777778,0.787878787878788,0.797979797979798,0.8080808080808082,0.8181818181818182,0.8282828282828284,0.8383838383838385,0.8484848484848485,0.8585858585858587,0.8686868686868687,0.8787878787878789,0.888888888888889,0.8989898989898991,0.9090909090909092,0.9191919191919192,0.9292929292929294,0.9393939393939394,0.9494949494949496,0.9595959595959597,0.9696969696969697,0.9797979797979799,0.98989898989899,1.0
13,0.0,0.010101010101010102,0.020202020202020204,0.030303030303030304,0.04040404040404041,0.05050505050505051,0.06060606060606061,0.07070707070707072,0.08080808080808081,0.09090909090909091,0.10101010101010102,0.11111111111111112,0.12121212121212122,0.13131313131313133,0.14141414141414144,0.15151515151515152,0.16161616161616163,0.17171717171717174,0.18181818181818182,0.19191919191919193,0.20202020202020204,0.21212121212121213,0.22222222222222224,0.23232323232323235,0.24242424242424243,0.25252525252525254,0.26262626262626265,0.27272727272727276,0.2828282828282829,0.29292929292929293,0.30303030303030304,0.31313131313131315,0.32323232323232326,0.33333333333333337,0.3434343434343435,0.3535353535353536,0.36363636363636365,0.37373737373737376,0.38383838383838387,0.393939393939394,0.4040404040404041,0.4141414141414142,0.42424242424242425,0.43434343434343436,0.4444444444444445,0.4545454545454546,0.4646464646464647,0.4747474747474748,0.48484848484848486,0.494949494949495,0.5050505050505051,0.5151515151515152,0.5252525252525253,0.5353535353535354,0.5454545454545455,0.5555555555555556,0.5656565656565657,0.5757575757575758,0.5858585858585859,0.595959595959596,0.6060606060606061,0.6161616161616162,0.6262626262626263,0.6363636363636365,0.6464646464646465,0.6565656565656566,0.6666666666666667,0.6767676767676768,0.686868686868687,0.696969696969697,0.7070707070707072,0.7171717171717172,0.7272727272727273,0.7373737373737375,0.7474747474747475,0.7575757575757577,0.7676767676767677,0.7777777777777778,0.787878787878788,0.797979797979798,0.8080808080808082,0.8181818181818182,0.8282828282828284,0.8383838383838385,0.8484848484848485,0.8585858585858587,0.8686868686868687,0.8787878787878789,0.888888888888889,0.8989898989898991,0.9090909090909092,0.9191919191919192,0.9292929292929294,0.9393939393939394,0.9494949494949496,0.9595959595959597,0.9696969696969697,0.9797979797979799,0.98989898989899,1.0
14,0.0,0.010101010101010102,0.020202020202020204,0.030303030303030304,0.04040404040404041,0.05050505050505051,0.06060606060606061,0.07070707070707072,0.08080808080808081,0.09090909090909091,0.10101010101010102,0.11111111111111112,0.12121212121212122,0.13131313131313133,0.14141414141414144,0.15151515151515152,0.16161616161616163,0.17171717171717174,0.18181818181818182,0.19191919191919193,0.20202020202020204,0.21212121212121213,0.22222222222222224,0.23232323232323235,0.24242424242424243,0.25252525252525254,0.26262626262626265,0.27272727272727276,0.2828282828282829,0.29292929292929293,0.30303030303030304,0.31313131313131315,0.32323232323232326,0.33333333333333337,0.3434343434343435,0.3535353535353536,0.36363636363636365,0.37373737373737376,0.38383838383838387,0.393939393939394,0.4040404040404041,0.4141414141414142,0.42424242424242425,0.43434343434343436,0.4444444444444445,0.4545454545454546,0.4646464646464647,0.4747474747474748,0.48484848484848486,0.494949494949495,0.5050505050505051,0.5151515151515152,0.5252525252525253,0.5353535353535354,0.5454545454545455,0.5555555555555556,0.5656565656565657,0.5757575757575758,0.5858585858585859,0.595959595959596,0.6060606060606061,0.6161616161616162,0.6262626262626263,0.6363636363636365,0.6464646464646465,0.6565656565656566,0.6666666666666667,0.6767676767676768,0.686868686868687,0.696969696969697,0.7070707070707072,0.7171717171717172,0.7272727272727273,0.7373737373737375,0.7474747474747475,0.7575757575757577,0.7676767676767677,0.7777777777777778,0.787878787878788,0.797979797979798,0.8080808080808082,0.8181818181818182,0.8282828282828284,0.8383838383838385,0.8484848484848485,0.8585858585858587,0.8686868686868687,0.8787878787878789,0.888888888888889,0.8989898989898991,0.9090909090909092,0.9191919191919192,0.9292929292929294,0.9393939393939394,0.9494949494949496,0.9595959595959597,0.9696969696969697,0.9797979797979799,0.98989898989899,1.0
15,0.0,0.010101010101010102,0.020202020202020204,0.030303030303030304,0.04040404040404041,0.05050505050505051,0.06060606060606061,0.07070707070707072,0.08080808080808081,0.09090909090909091,0.10101010101010102,0.11111111111111112,0.12121212121212122,0.13131313131313133,0.14141414141414144,0.15151515151515152,0.16161616161616163,0.17171717171717174,0.18181818181818182,0.19191919191919193,0.20202020202020204,0.21212121212121213,0.22222222222222224,0.23232323232323235,0.24242424242424243,0.25252525252525254,0.26262626262626265,0.27272727272727276,0.2828282828282829,0.29292929292929293,0.30303030303030304,0.31313131313131315,0.32323232323232326,0.33333333333333337,0.3434343434343435,0.3535353535353536,0.36363636363636365,0.37373737373737376,0.38383838383838387,0.393939393939394,0.4040404040404041,0.4141414141414142,0.42424242424242425,0.43434343434343436,0.4444444444444445,0.4545454545454546,0.4646464646464647,0.4747474747474748,0.48484848484848486,0.494949494949495,0.5050505050505051,0.5151515151515152,0.5252525252525253,0.5353535353535354,0.5454545454545455,0.5555555555555556,0.5656565656565657,0.5757575757575758,0.5858585858585859,0.595959595959596,0.6060606060606061,0.6161616161616162,0.6262626262626263,0.6363636363636365,0.6464646464646465,0.6565656565656566,0.6666666666666667,0.6767676767676768,0.686868686868687,0.696969696969697,0.7070707070707072,0.7171717171717172,0.7272727272727273,0.7373737373737375,0.7474747474747475,0.7575757575757577,0.7676767676767677,0.7777777777777778,0.787878787878788,0.797979797979798,0.8080808080808082,0.8181818181818182,0.8282828282828284,0.8383838383838385,0.8484848484848485,0.8585858585858587,0.8686868686868687,0.8787878787878789,0.888888888888889,0.8989898989898991,0.9090909090909092,0.9191919191919192,0.9292929292929294,0.9393939393939394,0.9494949494949496,0.9595959595959597,0.9696969696969697,0.9797979797979799,0.98989898989899,1.0
16,0.0,0.010101010101010102,0.020202020202020204,0.030303030303030304,0.04040404040404041,0.05050505050505051,0.06060606060606061,0.07070707070707072,0.08080808080808081,0.09090909090909091,0.10101010101010102,0.11111111111111112,0.12121212121212122,0.13131313131313133,0.14141414141414144,0.15151515151515152,0.16161616161616163,0.17171717171717174,0.18181818181818182,0.19191919191919193,0.20202020202020204,0.21212121212121213,0.22222222222222224,0.23232323232323235,0.24242424242424243,0.25252525252525254,0.26262626262626265,0.27272727272727276,0.2828282828282829,0.29292929292929293,0.30303030303030304,0.31313131313131315,0.32323232323232326,0.33333333333333337,0.3434343434343435,0.3535353535353536,0.36363636363636365,0.37373737373737376,0.38383838383838387,0.393939393939394,0.4040404040404041,0.4141414141414142,0.42424242424242425,0.43434343434343436,0.4444444444444445,0.4545454545454546,0.4646464646464647,0.4747474747474748,0.48484848484848486,0.494949494949495,0.5050505050505051,0.5151515151515152,0.5252525252525253,0.5353535353535354,0.5454545454545455,0.5555555555555556,0.5656565656565657,0.5757575757575758,0.5858585858585859,0.595959595959596,0.6060606060606061,0.6161616161616162,0.6262626262626263,0.6363636363636365,0.6464646464646465,0.6565656565656566,0.6666666666666667,0.6767676767676768,0.686868686868687,0.696969696969697,0.7070707070707072,0.7171717171717172,0.7272727272727273,0.7373737373737375,0.7474747474747475,0.7575757575757577,0.7676767676767677,0.7777777777777778,0.787878787878788,0.797979797979798,0.8080808080808082,0.8181818181818182,0.8282828282828284,0.8383838383838385,0.8484848484848485,0.8585858585858587,0.8686868686868687,0.8787878787878789,0.888888888888889,0.8989898989898991,0.9090909090909092,0.9191919191919192,0.9292929292929294,0.9393939393939394,0.9494949494949496,0.9595959595959597,0.9696969696969697,0.9797979797979799,0.98989898989899,1.0
17,0.0,0.010101010101010102,0.020202020202020204,0.030303030303030304,0.04040404040404041,0.05050505050505051,0.06060606060606061,0.07070707070707072,0.08080808080808081,0.09090909090909091,0.10101010101010102,0.11111111111111112,0.12121212121212122,0.13131313131313133,0.14141414141414144,0.15151515151515152,0.16161616161616163,0.17171717171717174,0.18181818181818182,0.19191919191919193,0.20202020202020204,0.21212121212121213,0.22222222222222224,0.23232323232323235,0.24242424242424243,0.25252525252525254,0.26262626262626265,0.27272727272727276,0.2828282828282829,0.29292929292929293,0.30303030303030304,0.31313131313131315,0.32323232323232326,0.33333333333333337,0.3434343434343435,0.3535353535353536,0.36363636363636365,0.37373737373737376,0.38383838383838387,0.393939393939394,0.4040404040404041,0.4141414141414142,0.42424242424242425,0.43434343434343436,0.4444444444444445,0.4545454545454546,0.4646464646464647,0.4747474747474748,0.48484848484848486,0.494949494949495,0.5050505050505051,0.5151515151515152,0.5252525252525253,0.5353535353535354,0.5454545454545455,0.5555555555555556,0.5656565656565657,0.5757575757575758,0.5858585858585859,0.595959595959596,0.6060606060606061,0.6161616161616162,0.6262626262626263,0.6363636363636365,0.6464646464646465,0.6565656565656566,0.6666666666666667,0.6767676767676768,0.686868686868687,0.696969696969697,0.7070707070707072,0.7171717171717172,0.7272727272727273,0.7373737373737375,0.7474747474747475,0.7575757575757577,0.7676767676767677,0.7777777777777778,0.787878787878788,0.797979797979798,0.8080808080808082,0.8181818181818182,0.8282828282828284,0.8383838383838385,0.8484848484848485,0.8585858585858587,0.8686868686868687,0.8787878787878789,0.888888888888889,0.8989898989898991,0.9090909090909092,0.9191919191919192,0.9292929292929294,0.9393939393939394,0.9494949494949496,0.9595959595959597,0.9696969696969697,0.9797979797979799,0.98989898989899,1.0
18,0.0,0.010101010101010102,0.020202020202020204,0.030303030303030304,0.04040404040404041,0.05050505050505051,0.06060606060606061,0.07070707070707072,0.08080808080808081,0.09090909090909091,0.10101010101010102,0.11111111111111112,0.12121212121212122,0.13131313131313133,0.14141414141414144,0.15151515151515152,0.16161616161616163,0.17171717171717174,0.18181818181818182,0.19191919191919193,0.20202020202020204,0.21212121212121213,0.22222222222222224,0.23232323232323235,0.24242424242424243,0.25252525252525254,0.26262626262626265,0.27272727272727276,0.2828282828282829,0.29292929292929293,0.30303030303030304,0.31313131313131315,0.32323232323232326,0.33333333333333337,0.3434343434343435,0.3535353535353536,0.36363636363636365,0.37373737373737376,0.38383838383838387,0.393939393939394,0.4040404040404041,0.4141414141414142,0.42424242424242425,0.43434343434343436,0.4444444444444445,0.4545454545454546,0.4646464646464647,0.4747474747474748,0.48484848484848486,0.494949494949495,0.5050505050505051,0.5151515151515152,0.5252525252525253,0.5353535353535354,0.5454545454545455,0.5555555555555556,0.5656565656565657,0.5757575757575758,0.5858585858585859,0.595959595959596,0.6060606060606061,0.6161616161616162,0.6262626262626263,0.6363636363636365,0.6464646464646465,0.6565656565656566,0.6666666666666667,0.6767676767676768,0.686868686868687,0.696969696969697,0.7070707070707072,0.7171717171717172,0.7272727272727273,0.7373737373737375,0.7474747474747475,0.7575757575757577,0.7676767676767677,0.7777777777777778,0.787878787878788,0.797979797979798,0.8080808080808082,0.8181818181818182,0.8282828282828284,0.8383838383838385,0.8484848484848485,0.8585858585858587,0.8686868686868687,0.8787878787878789,0.888888888888889,0.8989898989898991,0.9090909090909092,0.9191919191919192,0.9292929292929294,0.9393939393939394,0.9494949494949496,0.9595959595959597,0.9696969696969697,0.9797979797979799,0.98989898989899,1.0
19,0.0,0.010101010101010102,0.020202020202020204,0.030303030303030304,0.04040404040404041,0.05050505050505051,0.06060606060606061,0.07070707070707072,0.08080808080808081,0.09090909090909091,0.10101010101010102,0.11111111111111112,0.12121212121212122,0.13131313131313133,0.14141414141414144,0.15151515151515152,0.16161616161616163,0.17171717171717174,0.18181818181818182,0.19191919191919193,0.20202020202020204,0.21212121212121213,0.22222222222222224,0.23232323232323235,0.24242424242424243,0.25252525252525254,0.26262626262626265,0.27272727272727276,0.2828282828282829,0.29292929292929293,0.30303030303030304,0.31313131313131315,0.32323232323232326,0.33333333333333337,0.3434343434343435,0.3535353535353536,0.36363636363636365,0.37373737373737376,0.38383838383838387,0.393939393939394,0.4040404040404041,0.4141414141414142,0.42424242424242425,0.43434343434343436,0.4444444444444445,0.4545454545454546,0.4646464646464647,0.4747474747474748,0.48484848484848486,0.494949494949495,0.5050505050505051,0.5151515151515152,0.5252525252525253,0.5353535353535354,0.5454545454545455,0.5555555555555556,0.5656565656565657,0.5757575757575758,0.5858585858585859,0.595959595959596,0.6060606060606061,0.6161616161616162,0.6262626262626263,0.6363636363636365,0.6464646464646465,0.6565656565656566,0.6666666666666667,0.6767676767676768,0.686868686868687,0.696969696969697,0.7070707070707072,0.7171717171717172,0.7272727272727273,0.7373737373737375,0.7474747474747475,0.7575757575757577,0.7676767676767677,0.7777777777777778,0.787878787878788,0.797979797979798,0.8080808080808082,0.8181818181818182,0.8282828282828284,0.8383838383838385,0.8484848484848485,0.8585858585858587,0.8686868686868687,0.8787878787878789,0.888888888888889,0.8989898989898991,0.9090909090909092,0.9191919191919192,0.9292929292929294,0.9393939393939394,0.9494949494949496,0.9595959595959597,0.9696969696969697,0.9797979797979799,0.98989898989899,1.0
20,0.0,0.010101010101010102,0.020202020202020204,0.030303030303030304,0.04040404040404041,0.05050505050505051,0.06060606060606061,0.07070707070707072,0.08080808080808081,0.09090909090909091,0.10101010101010102,0.11111111111111112,0.12121212121212122,0.13131313131313133,0.14141414141414144,0.15151515151515152,0.16161616161616163,0.17171717171717174,0.18181818181818182,0.19191919191919193,0.20202020202020204,0.21212121212121213,0.22222222222222224,0.23232323232323235,0.24242424242424243,0.25252525252525254,0.26262626262626265,0.27272727272727276,0.2828282828282829,0.29292929292929293,0.30303030303030304,0.31313131313131315,0.32323232323232326,0.33333333333333337,0.3434343434343435,0.3535353535353536,0.36363636363636365,0.37373737373737376,0.38383838383838387,0.393939393939394,0.4040404040404041,0.4141414141414142,0.42424242424242425,0.43434343434343436,0.4444444444444445,0.4545454545454546,0.4646464646464647,0.4747474747474748,0.48484848484848486,0.494949494949495,0.5050505050505051,0.5151515151515152,0.5252525252525253,0.5353535353535354,0.5454545454545455,0.5555555555555556,0.5656565656565657,0.5757575757575758,0.5858585858585859,0.595959595959596,0.6060606060606061,0.6161616161616162,0.6262626262626263,0.6363636363636365,0.6464646464646465,0.6565656565656566,0.6666666666666667,0.6767676767676768,0.686868686868687,0.696969696969697,0.7070707070707072,0.7171717171717172,0.7272727272727273,0.7373737373737375,0.7474747474747475,0.7575757575757577,0.7676767676767677,0.7777777777777778,0.787878787878788,0.797979797979798,0.8080808080808082,0.8181818181818182,0.8282828282828284,0.8383838383838385,0.8484848484848485,0.8585858585858587,0.8686868686868687,0.8787878787878789,0.888888888888889,0.8989898989898991,0.9090909090909092,0.9191919191919192,0.9292929292929294,0.9393939393939394,0.9494949494949496,0.9595959595959597,0.9696969696969697,0.9797979797979799,0.98989898989899,1.0
21,0.0,0.010101010101010102,0.020202020202020204,0.030303030303030304,0.04040404040404041,0.05050505050505051,0.06060606060606061,0.07070707070707072,0.08080808080808081,0.09090909090909091,0.10101010101010102,0.11111111111111112,0.12121212121212122,0.13131313131313133,0.14141414141414144,0.15151515151515152,0.16161616161616163,0.17171717171717174,0.18181818181818182,0.19191919191919193,0.20202020202020204,0.21212121212121213,0.22222222222222224,0.23232323232323235,0.24242424242424243,0.25252525252525254,0.26262626262626265,0.27272727272727276,0.2828282828282829,0.29292929292929293,0.30303030303030304,0.31313131313131315,0.32323232323232326,0.33333333333333337,0.3434343434343435,0.3535353535353536,0.36363636363636365,0.37373737373737376,0.38383838383838387,0.393939393939394,0.4040404040404041,0.4141414141414142,0.42424242424242425,0.43434343434343436,0.4444444444444445,0.4545454545454546,0.4646464646464647,0.4747474747474748,0.48484848484848486,0.494949494949495,0.5050505050505051,0.5151515151515152,0.5252525252525253,0.5353535353535354,0.5454545454545455,0.5555555555555556,0.5656565656565657,0.5757575757575758,0.5858585858585859,0.595959595959596,0.6060606060606061,0.6161616161616162,0.6262626262626263,0.6363636363636365,0.6464646464646465,0.6565656565656566,0.6666666666666667,0.6767676767676768,0.686868686868687,0.696969696969697,0.7070707070707072,0.7171717171717172,0.7272727272727273,0.7373737373737375,0.7474747474747475,0.7575757575757577,0.7676767676767677,0.7777777777777778,0.787878787878788,0.797979797979798,0.8080808080808082,0.8181818181818182,0.8282828282828284,0.8383838383838385,0.8484848484848485,0.8585858585858587,0.8686868686868687,0.8787878787878789,0.888888888888889,0.8989898989898991,0.9090909090909092,0.9191919191919192,0.9292929292929294,0.9393939393939394,0.9494949494949496,0.9595959595959597,0.9696969696969697,0.9797979797979799,0.98989898989899,1.0
22,0.0,0.010101010101010102,0.020202020202020204,0.030303030303030304,0.04040404040404041,0.05050505050505051,0.06060606060606061,0.07070707070707072,0.08080808080808081,0.09090909090909091,0.10101010101010102,0.11111111111111112,0.12121212121212122,0.13131313131313133,0.14141414141414144,0.15151515151515152,0.16161616161616163,0.17171717171717174,0.18181818181818182,0.19191919191919193,0.20202020202020204,0.21212121212121213,0.22222222222222224,0.23232323232323235,0.24242424242424243,0.25252525252525254,0.26262626262626265,0.27272727272727276,0.2828282828282829,0.29292929292929293,0.30303030303030304,0.31313131313131315,0.32323232323232326,0.33333333333333337,0.3434343434343435,0.3535353535353536,0.36363636363636365,0.37373737373737376,0.38383838383838387,0.393939393939394,0.4040404040404041,0.4141414141414142,0.42424242424242425,0.43434343434343436,0.4444444444444445,0.4545454545454546,0.4646464646464647,0.4747474747474748,0.48484848484848486,0.494949494949495,0.5050505050505051,0.5151515151515152,0.5252525252525253,0.5353535353535354,0.5454545454545455,0.5555555555555556,0.5656565656565657,0.5757575757575758,0.5858585858585859,0.595959595959596,0.6060606060606061,0.6161616161616162,0.6262626262626263,0.6363636363636365,0.6464646464646465,0.6565656565656566,0.6666666666666667,0.6767676767676768,0.686868686868687,0.696969696969697,0.7070707070707072,0.7171717171717172,0.7272727272727273,0.7373737373737375,0.7474747474747475,0.7575757575757577,0.7676767676767677,0.7777777777777778,0.787878787878788,0.797979797979798,0.8080808080808082,0.8181818181818182,0.8282828282828284,0.8383838383838385,0.8484848484848485,0.8585858585858587,0.8686868686868687,0.8787878787878789,0.888888888888889,0.8989898989898991,0.9090909090909092,0.9191919191919192,0.9292929292929294,0.9393939393939394,0.9494949494949496,0.9595959595959597,0.9696969696969697,0.9797979797979799,0.98989898989899,1.0
23,0.0,0.010101010101010102,0.020202020202020204,0.030303030303030304,0.04040404040404041,0.05050505050505051,0.06060606060606061,0.07070707070707072,0.08080808080808081,0.09090909090909091,0.10101010101010102,0.11111111111111112,0.12121212121212122,0.13131313131313133,0.14141414141414144,0.15151515151515152,0.16161616161616163,0.17171717171717174,0.18181818181818182,0.19191919191919193,0.20202020202020204,0.21212121212121213,0.22222222222222224,0.23232323232323235,0.24242424242424243,0.25252525252525254,0.26262626262626265,0.27272727272727276,0.2828282828282829,0.29292929292929293,0.30303030303030304,0.31313131313131315,0.32323232323232326,0.33333333333333337,0.3434343434343435,0.3535353535353536,0.36363636363636365,0.37373737373737376,0.38383838383838387,0.393939393939394,0.4040404040404041,0.4141414141414142,0.42424242424242425,0.43434343434343436,0.4444444444444445,0.4545454545454546,0.4646464646464647,0.4747474747474748,0.48484848484848486,0.494949494949495,0.5050505050505051,0.5151515151515152,0.5252525252525253,0.5353535353535354,0.5454545454545455,0.5555555555555556,0.5656565656565657,0.5757575757575758,0.5858585858585859,0.595959595959596,0.6060606060606061,0.6161616161616162,0.6262626262626263,0.6363636363636365,0.6464646464646465,0.6565656565656566,0.6666666666666667,0.6767676767676768,0.686868686868687,0.696969696969697,0.7070707070707072,0.7171717171717172,0.7272727272727273,0.7373737373737375,0.7474747474747475,0.7575757575757577,0.7676767676767677,0.7777777777777778,0.787878787878788,0.797979797979798,0.8080808080808082,0.8181818181818182,0.8282828282828284,0.8383838383838385,0.8484848484848485,0.8585858585858587,0.8686868686868687,0.8787878787878789,0.888888888888889,0.8989898989898991,0.9090909090909092,0.9191919191919192,0.9292929292929294,0.9393939393939394,0.9494949494949496,0.9595959595959597,0.9696969696969697,0.9797979797979799,0.98989898989899,1.0
24,0.0,0.010101010101010102,0.020202020202020204,0.030303030303030304,0.04040404040404041,0.05050505050505051,0.06060606060606061,0.07070707070707072,0.08080808080808081,0.09090909090909091,0.10101010101010102,0.11111111111111112,0.12121212121212122,0.13131313131313133,0.14141414141414144,0.15151515151515152,0.16161616161616163,0.17171717171717174,0.18181818181818182,0.19191919191919193,0.20202020202020204,0.21212121212121213,0.22222222222222224,0.23232323232323235,0.24242424242424243,0.25252525252525254,0.26262626262626265,0.27272727272727276,0.2828282828282829,0.29292929292929293,0.30303030303030304,0.31313131313131315,0.32323232323232326,0.33333333333333337,0.3434343434343435,0.3535353535353536,0.36363636363636365,0.37373737373737376,0.38383838383838387,0.393939393939394,0.4040404040404041,0.4141414141414142,0.42424242424242425,0.43434343434343436,0.4444444444444445,0.4545454545454546,0.4646464646464647,0.4747474747474748,0.48484848484848486,0.494949494949495,0.5050505050505051,0.5151515151515152,0.5252525252525253,0.5353535353535354,0.5454545454545455,0.5555555555555556,0.5656565656565657,0.5757575757575758,0.5858585858585859,0.595959595959596,0.6060606060606061,0.6161616161616162,0.6262626262626263,0.6363636363636365,0.6464646464646465,0.6565656565656566,0.6666666666666667,0.6767676767676768,0.686868686868687,0.696969696969697,0.7070707070707072,0.7171717171717172,0.7272727272727273,0.7373737373737375,0.7474747474747475,0.7575757575757577,0.7676767676767677,0.7777777777777778,0.787878787878788,0.797979797979798,0.8080808080808082,0.8181818181818182,0.8282828282828284,0.8383838383838385,0.8484848484848485,0.8585858585858587,0.8686868686868687,0.8787878787878789,0.888888888888889,0.8989898989898991,0.9090909090909092,0.9191919191919192,0.9292929292929294,0.9393939393939394,0.9494949494949496,0.9595959595959597,0.9696969696969697,0.9797979797979799,0.98989898989899,1.0
25,0.0,0.010101010101010102,0.020202020202020204,0.030303030303030304,0.04040404040404041,0.05050505050505051,0.06060606060606061,0.07070707070707072,0.08080808080808081,0.09090909090909091,0.10101010101010102,0.11111111111111112,0.12121212121212122,0.13131313131313133,0.14141414141414144,0.15151515151515152,0.16161616161616163,0.17171717171717174,0.18181818181818182,0.19191919191919193,0.20202020202020204,0.21212121212121213,0.22222222222222224,0.23232323232323235,0.24242424242424243,0.25252525252525254,0.26262626262626265,0.27272727272727276,0.2828282828282829,0.29292929292929293,0.30303030303030304,0.31313131313131315,0.32323232323232326,0.33333333333333337,0.3434343434343435,0.3535353535353536,0.36363636363636365,0.37373737373737376,0.38383838383838387,0.393939393939394,0.4040404040404041,0.4141414141414142,0.42424242424242425,0.43434343434343436,0.4444444444444445,0.4545454545454546,0.4646464646464647,0.4747474747474748,0.48484848484848486,0.494949494949495,0.5050505050505051,0.5151515151515152,0.5252525252525253,0.5353535353535354,0.5454545454545455,0.5555555555555556,0.5656565656565657,0.5757575757575758,0.5858585858585859,0.595959595959596,0.6060606060606061,0.6161616161616162,0.6262626262626263,0.6363636363636365,0.6464646464646465,0.6565656565656566,0.6666666666666667,0.6767676767676768,0.686868686868687,0.696969696969697,0.7070707070707072,0.7171717171717172,0.7272727272727273,0.7373737373737375,0.7474747474747475,0.7575757575757577,0.7676767676767677,0.7777777777777778,0.787878787878788,0.797979797979798,0.8080808080808082,0.8181818181818182,0.8282828282828284,0.8383838383838385,0.8484848484848485,0.8585858585858587,0.8686868686868687,0.8787878787878789,0.888888888888889,0.8989898989898991,0.9090909090909092,0.9191919191919192,0.9292929292929294,0.9393939393939394,0.9494949494949496,0.9595959595959597,0.9696969696969697,0.9797979797979799,0.98989898989899,1.0
26,0.0,0.010101010101010102,0.020202020202020204,0.030303030303030304,0.04040404040404041,0.05050505050505051,0.06060606060606061,0.07070707070707072,0.08080808080808081,0.09090909090909091,0.10101010101010102,0.11111111111111112,0.12121212121212122,0.13131313131313133,0.14141414141414144,0.15151515151515152,0.16161616161616163,0.17171717171717174,0.18181818181818182,0.19191919191919193,0.20202020202020204,0.21212121212121213,0.22222222222222224,0.23232323232323235,0.24242424242424243,0.25252525252525254,0.26262626262626265,0.27272727272727276,0.2828282828282829,0.29292929292929293,0.30303030303030304,0.31313131313131315,0.32323232323232326,0.33333333333333337,0.3434343434343435,0.3535353535353536,0.36363636363636365,0.37373737373737376,0.38383838383838387,0.393939393939394,0.4040404040404041,0.4141414141414142,0.42424242424242425,0.43434343434343436,0.4444444444444445,0.4545454545454546,0.4646464646464647,0.4747474747474748,0.48484848484848486,0.494949494949495,0.5050505050505051,0.5151515151515152,0.5252525252525253,0.5353535353535354,0.5454545454545455,0.5555555555555556,0.5656565656565657,0.5757575757575758,0.5858585858585859,0.595959595959596,0.6060606060606061,0.6161616161616162,0.6262626262626263,0.6363636363636365,0.6464646464646465,0.6565656565656566,0.6666666666666667,0.6767676767676768,0.686868686868687,0.696969696969697,0.7070707070707072,0.7171717171717172,0.7272727272727273,0.7373737373737375,0.7474747474747475,0.7575757575757577,0.7676767676767677,0.7777777777777778,0.787878787878788,0.797979797979798,0.8080808080808082,0.8181818181818182,0.8282828282828284,0.8383838383838385,0.8484848484848485,0.8585858585858587,0.8686868686868687,0.8787878787878789,0.888888888888889,0.8989898989898991,0.9090909090909092,0.9191919191919192,0.9292929292929294,0.9393939393939394,0.9494949494949496,0.9595959595959597,0.9696969696969697,0.9797979797979799,0.98989898989899,1.0
27,0.0,0.010101010101010102,0.020202020202020204,0.030303030303030304,0.04040404040404041,0.05050505050505051,0.06060606060606061,0.07070707070707072,0.08080808080808081,0.09090909090909091,0.10101010101010102,0.11111111111111112,0.12121212121212122,0.13131313131313133,0.14141414141414144,0.15151515151515152,0.16161616161616163,0.17171717171717174,0.18181818181818182,0.19191919191919193,0.20202020202020204,0.21212121212121213,0.22222222222222224,0.23232323232323235,0.24242424242424243,0.25252525252525254,0.26262626262626265,0.27272727272727276,0.2828282828282829,0.29292929292929293,0.30303030303030304,0.31313131313131315,0.32323232323232326,0.33333333333333337,0.3434343434343435,0.3535353535353536,0.36363636363636365,0.37373737373737376,0.38383838383838387,0.393939393939394,0.4040404040404041,0.4141414141414142,0.42424242424242425,0.43434343434343436,0.4444444444444445,0.4545454545454546,0.4646464646464647,0.4747474747474748,0.48484848484848486,0.494949494949495,0.5050505050505051,0.5151515151515152,0.5252525252525253,0.5353535353535354,0.5454545454545455,0.5555555555555556,0.5656565656565657,0.5757575757575758,0.5858585858585859,0.595959595959596,0.6060606060606061,0.6161616161616162,0.6262626262626263,0.6363636363636365,0.6464646464646465,0.6565656565656566,0.6666666666666667,0.6767676767676768,0.686868686868687,0.696969696969697,0.7070707070707072,0.7171717171717172,0.7272727272727273,0.7373737373737375,0.7474747474747475,0.7575757575757577,0.7676767676767677,0.7777777777777778,0.787878787878788,0.797979797979798,0.8080808080808082,0.8181818181818182,0.8282828282828284,0.8383838383838385,0.8484848484848485,0.8585858585858587,0.8686868686868687,0.8787878787878789,0.888888888888889,0.8989898989898991,0.9090909090909092,0.9191919191919192,0.9292929292929294,0.9393939393939394,0.9494949494949496,0.9595959595959597,0.9696969696969697,0.9797979797979799,0.98989898989899,1.0
28,0.0,0.010101010101010102,0.020202020202020204,0.030303030303030304,0.04040404040404041,0.05050505050505051,0.06060606060606061,0.07070707070707072,0.08080808080808081,0.09090909090909091,0.10101010101010102,0.11111111111111112,0.12121212121212122,0.13131313131313133,0.14141414141414144,0.15151515151515152,0.16161616161616163,0.17171717171717174,0.18181818181818182,0.19191919191919193,0.20202020202020204,0.21212121212121213,0.22222222222222224,0.23232323232323235,0.24242424242424243,0.25252525252525254,0.26262626262626265,0.27272727272727276,0.2828282828282829,0.29292929292929293,0.30303030303030304,0.31313131313131315,0.32323232323232326,0.33333333333333337,0.3434343434343435,0.3535353535353536,0.36363636363636365,0.37373737373737376,0.38383838383838387,0.393939393939394,0.4040404040404041,0.4141414141414142,0.42424242424242425,0.43434343434343436,0.4444444444444445,0.4545454545454546,0.4646464646464647,0.4747474747474748,0.48484848484848486,0.494949494949495,0.5050505050505051,0.5151515151515152,0.5252525252525253,0.5353535353535354,0.5454545454545455,0.5555555555555556,0.5656565656565657,0.5757575757575758,0.5858585858585859,0.595959595959596,0.6060606060606061,0.6161616161616162,0.6262626262626263,0.6363636363636365,0.6464646464646465,0.6565656565656566,0.6666666666666667,0.6767676767676768,0.686868686868687,0.696969696969697,0.7070707070707072,0.7171717171717172,0.7272727272727273,0.7373737373737375,0.7474747474747475,0.7575757575757577,0.7676767676767677,0.7777777777777778,0.787878787878788,0.797979797979798,0.8080808080808082,0.8181818181818182,0.8282828282828284,0.8383838383838385,0.8484848484848485,0.8585858585858587,0.8686868686868687,0.8787878787878789,0.888888888888889,0.8989898989898991,0.9090909090909092,0.9191919191919192,0.9292929292929294,0.9393939393939394,0.9494949494949496,0.9595959595959597,0.9696969696969697,0.9797979797979799,0.98989898989899,1.0
29,0.0,0.010101010101010102,0.020202020202020204,0.030303030303030304,0.04040404040404041,0.05050505050505051,0.06060606060606061,0.07070707070707072,0.08080808080808081,0.09090909090909091,0.10101010101010102,0.11111111111111112,0.12121212121212122,0.13131313131313133,0.14141414141414144,0.15151515151515152,0.16161616161616163,0.17171717171717174,0.18181818181818182,0.19191919191919193,0.20202020202020204,0.21212121212121213,0.22222222222222224,0.23232323232323235,0.24242424242424243,0.25252525252525254,0.26262626262626265,0.27272727272727276,0.2828282828282829,0.29292929292929293,0.30303030303030304,0.31313131313131315,0.32323232323232326,0.33333333333333337,0.3434343434343435,0.3535353535353536,0.36363636363636365,0.37373737373737376,0.38383838383838387,0.393939393939394,0.4040404040404041,0.4141414141414142,0.42424242424242425,0.43434343434343436,0.4444444444444445,0.4545454545454546,0.4646464646464647,0.4747474747474748,0.48484848484848486,0.494949494949495,0.5050505050505051,0.5151515151515152,0.5252525252525253,0.5353535353535354,0.5454545454545455,0.5555555555555556,0.5656565656565657,0.5757575757575758,0.5858585858585859,0.595959595959596,0.6060606060606061,0.6161616161616162,0.6262626262626263,0.6363636363636365,0.6464646464646465,0.6565656565656566,0.6666666666666667,0.6767676767676768,0.686868686868687,0.696969696969697,0.7070707070707072,0.7171717171717172,0.7272727272727273,0.7373737373737375,0.7474747474747475,0.7575757575757577,0.7676767676767677,0.7777777777777778,0.787878787878788,0.797979797979798,0.8080808080808082,0.8181818181818182,0.8282828282828284,0.8383838383838385,0.8484848484848485,0.8585858585858587,0.8686868686868687,0.8787878787878789,0.888888888888889,0.8989898989898991,0.9090909090909092,0.9191919191919192,0.9292929292929294,0.9393939393939394,0.9494949494949496,0.9595959595959597,0.9696969696969697,0.9797979797979799,0.98989898989899,1.0
30,0.0,0.010101010101010102,0.020202020202020204,0.030303030303030304,0.04040404040404041,0.05050505050505051,0.06060606060606061,0.07070707070707072,0.08080808080808081,0.09090909090909091,0.10101010101010102,0.11111111111111112,0.12121212121212122,0.13131313131313133,0.14141414141414144,0.15151515151515152,0.16161616161616163,0.17171717171717174,0.18181818181818182,0.19191919191919193,0.20202020202020204,0.21212121212121213,0.22222222222222224,0.23232323232323235,0.24242424242424243,0.25252525252525254,0.26262626262626265,0.27272727272727276,0.2828282828282829,0.29292929292929293,0.30303030303030304,0.31313131313131315,0.32323232323232326,0.33333333333333337,0.3434343434343435,0.3535353535353536,0.36363636363636365,0.37373737373737376,0.38383838383838387,0.393939393939394,0.4040404040404041,0.4141414141414142,0.42424242424242425,0.43434343434343436,0.4444444444444445,0.4545454545454546,0.4646464646464647,0.4747474747474748,0.48484848484848486,0.494949494949495,0.5050505050505051,0.5151515151515152,0.5252525252525253,0.5353535353535354,0.5454545454545455,0.5555555555555556,0.5656565656565657,0.5757575757575758,0.5858585858585859,0.595959595959596,0.6060606060606061,0.6161616161616162,0.6262626262626263,0.6363636363636365,0.6464646464646465,0.6565656565656566,0.6666666666666667,0.6767676767676768,0.686868686868687,0.696969696969697,0.7070707070707072,0.7171717171717172,0.7272727272727273,0.7373737373737375,0.7474747474747475,0.7575757575757577,0.7676767676767677,0.7777777777777778,0.787878787878788,0.797979797979798,0.8080808080808082,0.8181818181818182,0.8282828282828284,0.8383838383838385,0.8484848484848485,0.8585858585858587,0.8686868686868687,0.8787878787878789,0.888888888888889,0.8989898989898991,0.9090909090909092,0.9191919191919192,0.9292929292929294,0.9393939393939394,0.9494949494949496,0.9595959595959597,0.9696969696969697,0.9797979797979799,0.98989898989899,1.0
31,0.0,0.010101010101010102,0.020202020202020204,0.030303030303030304,0.04040404040404041,0.05050505050505051,0.06060606060606061,0.07070707070707072,0.08080808080808081,0.09090909090909091,0.10101010101010102,0.11111111111111112,0.12121212121212122,0.13131313131313133,0.14141414141414144,0.15151515151515152,0.16161616161616163,0.17171717171717174,0.18181818181818182,0.19191919191919193,0.20202020202020204,0.21212121212121213,0.22222222222222224,0.23232323232323235,0.24242424242424243,0.25252525252525254,0.26262626262626265,0.27272727272727276,0.2828282828282829,0.29292929292929293,0.30303030303030304,0.31313131313131315,0.32323232323232326,0.33333333333333337,0.3434343434343435,0.3535353535353536,0.36363636363636365,0.37373737373737376,0.38383838383838387,0.393939393939394,0.4040404040404041,0.4141414141414142,0.42424242424242425,0.43434343434343436,0.4444444444444445,0.4545454545454546,0.4646464646464647,0.4747474747474748,0.48484848484848486,0.494949494949495,0.5050505050505051,0.5151515151515152,0.5252525252525253,0.5353535353535354,0.5454545454545455,0.5555555555555556,0.5656565656565657,0.5757575757575758,0.5858585858585859,0.595959595959596,0.6060606060606061,0.6161616161616162,0.6262626262626263,0.6363636363636365,0.6464646464646465,0.6565656565656566,0.6666666666666667,0.6767676767676768,0.686868686868687,0.696969696969697,0.7070707070707072,0.7171717171717172,0.7272727272727273,0.7373737373737375,0.7474747474747475,0.7575757575757577,0.7676767676767677,0.7777777777777778,0.787878787878788,0.797979797979798,0.8080808080808082,0.8181818181818182,0.8282828282828284,0.8383838383838385,0.8484848484848485,0.8585858585858587,0.8686868686868687,0.8787878787878789,0.888888888888889,0.8989898989898991,0.9090909090909092,0.9191919191919192,0.9292929292929294,0.9393939393939394,0.9494949494949496,0.9595959595959597,0.9696969696969697,0.9797979797979799,0.98989898989899,1.0
32,0.0,0.010101010101010102,0.020202020202020204,0.030303030303030304,0.04040404040404041,0.05050505050505051,0.06060606060606061,0.07070707070707072,0.08080808080808081,0.09090909090909091,0.10101010101010102,0.11111111111111112,0.12121212121212122,0.13131313131313133,0.14141414141414144,0.15151515151515152,0.16161616161616163,0.17171717171717174,0.18181818181818182,0.19191919191919193,0.20202020202020204,0.21212121212121213,0.22222222222222224,0.23232323232323235,0.24242424242424243,0.25252525252525254,0.26262626262626265,0.27272727272727276,0.2828282828282829,0.29292929292929293,0.30303030303030304,0.31313131313131315,0.32323232323232326,0.33333333333333337,0.3434343434343435,0.3535353535353536,0.36363636363636365,0.37373737373737376,0.38383838383838387,0.393939393939394,0.4040404040404041,0.4141414141414142,0.42424242424242425,0.43434343434343436,0.4444444444444445,0.4545454545454546,0.4646464646464647,0.4747474747474748,0.48484848484848486,0.494949494949495,0.5050505050505051,0.5151515151515152,0.5252525252525253,0.5353535353535354,0.5454545454545455,0.5555555555555556,0.5656565656565657,0.5757575757575758,0.5858585858585859,0.595959595959596,0.6060606060606061,0.6161616161616162,0.6262626262626263,0.6363636363636365,0.6464646464646465,0.6565656565656566,0.6666666666666667,0.6767676767676768,0.686868686868687,0.696969696969697,0.7070707070707072,0.7171717171717172,0.7272727272727273,0.7373737373737375,0.7474747474747475,0.7575757575757577,0.7676767676767677,0.7777777777777778,0.787878787878788,0.797979797979798,0.8080808080808082,0.8181818181818182,0.8282828282828284,0.8383838383838385,0.8484848484848485,0.8585858585858587,0.8686868686868687,0.8787878787878789,0.888888888888889,0.8989898989898991,0.9090909090909092,0.9191919191919192,0.9292929292929294,0.9393939393939394,0.9494949494949496,0.9595959595959597,0.9696969696969697,0.9797979797979799,0.98989898989899,1.0
33,0.0,0.010101010101010102,0.020202020202020204,0.030303030303030304,0.04040404040404041,0.05050505050505051,0.06060606060606061,0.07070707070707072,0.08080808080808081,0.09090909090909091,0.10101010101010102,0.11111111111111112,0.12121212121212122,0.13131313131313133,0.14141414141414144,0.15151515151515152,0.16161616161616163,0.17171717171717174,0.18181818181818182,0.19191919191919193,0.20202020202020204,0.21212121212121213,0.22222222222222224,0.23232323232323235,0.24242424242424243,0.25252525252525254,0.26262626262626265,0.27272727272727276,0.2828282828282829,0.29292929292929293,0.30303030303030304,0.31313131313131315,0.32323232323232326,0.33333333333333337,0.3434343434343435,0.3535353535353536,0.36363636363636365,0.37373737373737376,0.38383838383838387,0.393939393939394,0.4040404040404041,0.4141414141414142,0.42424242424242425,0.43434343434343436,0.4444444444444445,0.4545454545454546,0.4646464646464647,0.4747474747474748,0.48484848484848486,0.494949494949495,0.5050505050505051,0.5151515151515152,0.5252525252525253,0.5353535353535354,0.5454545454545455,0.5555555555555556,0.5656565656565657,0.5757575757575758,0.5858585858585859,0.595959595959596,0.6060606060606061,0.6161616161616162,0.6262626262626263,0.6363636363636365,0.6464646464646465,0.6565656565656566,0.6666666666666667,0.6767676767676768,0.686868686868687,0.696969696969697,0.7070707070707072,0.7171717171717172,0.7272727272727273,0.7373737373737375,0.7474747474747475,0.7575757575757577,0.7676767676767677,0.7777777777777778,0.787878787878788,0.797979797979798,0.8080808080808082,0.8181818181818182,0.8282828282828284,0.8383838383838385,0.8484848484848485,0.8585858585858587,0.8686868686868687,0.8787878787878789,0.888888888888889,0.8989898989898991,0.9090909090909092,0.9191919191919192,0.9292929292929294,0.9393939393939394,0.9494949494949496,0.9595959595959597,0.9696969696969697,0.9797979797979799,0.98989898989899,1.0
34,0.0,0.010101010101010102,0.020202020202020204,0.030303030303030304,0.04040404040404041,0.05050505050505051,0.06060606060606061,0.07070707070707072,0.08080808080808081,0.09090909090909091,0.10101010101010102,0.11111111111111112,0.12121212121212122,0.13131313131313133,0.14141414141414144,0.15151515151515152,0.16161616161616163,0.17171717171717174,0.18181818181818182,0.19191919191919193,0.20202020202020204,0.21212121212121213,0.22222222222222224,0.23232323232323235,0.24242424242424243,0.25252525252525254,0.26262626262626265,0.27272727272727276,0.2828282828282829,0.29292929292929293,0.30303030303030304,0.31313131313131315,0.32323232323232326,0.33333333333333337,0.3434343434343435,0.3535353535353536,0.36363636363636365,0.37373737373737376,0.38383838383838387,0.393939393939394,0.4040404040404041,0.4141414141414142,0.42424242424242425,0.43434343434343436,0.4444444444444445,0.4545454545454546,0.4646464646464647,0.4747474747474748,0.48484848484848486,0.494949494949495,0.5050505050505051,0.5151515151515152,0.5252525252525253,0.5353535353535354,0.5454545454545455,0.5555555555555556,0.5656565656565657,0.5757575757575758,0.5858585858585859,0.595959595959596,0.6060606060606061,0.6161616161616162,0.6262626262626263,0.6363636363636365,0.6464646464646465,0.6565656565656566,0.6666666666666667,0.6767676767676768,0.686868686868687,0.696969696969697,0.7070707070707072,0.7171717171717172,0.7272727272727273,0.7373737373737375,0.7474747474747475,0.7575757575757577,0.7676767676767677,0.7777777777777778,0.787878787878788,0.797979797979798,0.8080808080808082,0.8181818181818182,0.8282828282828284,0.8383838383838385,0.8484848484848485,0.8585858585858587,0.8686868686868687,0.8787878787878789,0.888888888888889,0.8989898989898991,0.9090909090909092,0.9191919191919192,0.9292929292929294,0.9393939393939394,0.9494949494949496,0.9595959595959597,0.9696969696969697,0.9797979797979799,0.98989898989899,1.0
35,0.0,0.010101010101010102,0.020202020202020204,0.030303030303030304,0.04040404040404041,0.05050505050505051,0.06060606060606061,0.07070707070707072,0.08080808080808081,0.09090909090909091,0.10101010101010102,0.11111111111111112,0.12121212121212122,0.13131313131313133,0.14141414141414144,0.15151515151515152,0.16161616161616163,0.17171717171717174,0.18181818181818182,0.19191919191919193,0.20202020202020204,0.21212121212121213,0.22222222222222224,0.23232323232323235,0.24242424242424243,0.25252525252525254,0.26262626262626265,0.27272727272727276,0.2828282828282829,0.29292929292929293,0.30303030303030304,0.31313131313131315,0.32323232323232326,0.33333333333333337,0.3434343434343435,0.3535353535353536,0.36363636363636365,0.37373737373737376,0.38383838383838387,0.393939393939394,0.4040404040404041,0.4141414141414142,0.42424242424242425,0.43434343434343436,0.4444444444444445,0.4545454545454546,0.4646464646464647,0.4747474747474748,0.48484848484848486,0.494949494949495,0.5050505050505051,0.5151515151515152,0.5252525252525253,0.5353535353535354,0.5454545454545455,0.5555555555555556,0.5656565656565657,0.5757575757575758,0.5858585858585859,0.595959595959596,0.6060606060606061,0.6161616161616162,0.6262626262626263,0.6363636363636365,0.6464646464646465,0.6565656565656566,0.6666666666666667,0.6767676767676768,0.686868686868687,0.696969696969697,0.7070707070707072,0.7171717171717172,0.7272727272727273,0.7373737373737375,0.7474747474747475,0.7575757575757577,0.7676767676767677,0.7777777777777778,0.787878787878788,0.797979797979798,0.8080808080808082,0.8181818181818182,0.8282828282828284,0.8383838383838385,0.8484848484848485,0.8585858585858587,0.8686868686868687,0.8787878787878789,0.888888888888889,0.8989898989898991,0.9090909090909092,0.9191919191919192,0.9292929292929294,0.9393939393939394,0.9494949494949496,0.9595959595959597,0.9696969696969697,0.9797979797979799,0.98989898989899,1.0
36,0.0,0.010101010101010102,0.020202020202020204,0.030303030303030304,0.04040404040404041,0.05050505050505051,0.06060606060606061,0.07070707070707072,0.08080808080808081,0.09090909090909091,0.10101010101010102,0.11111111111111112,0.12121212121212122,0.13131313131313133,0.14141414141414144,0.15151515151515152,0.16161616161616163,0.17171717171717174,0.18181818181818182,0.19191919191919193,0.20202020202020204,0.21212121212121213,0.22222222222222224,0.23232323232323235,0.24242424242424243,0.25252525252525254,0.26262626262626265,0.27272727272727276,0.2828282828282829,0.29292929292929293,0.30303030303030304,0.31313131313131315,0.32323232323232326,0.33333333333333337,0.3434343434343435,0.3535353535353536,0.36363636363636365,0.37373737373737376,0.38383838383838387,0.393939393939394,0.4040404040404041,0.4141414141414142,0.42424242424242425,0.43434343434343436,0.4444444444444445,0.4545454545454546,0.4646464646464647,0.4747474747474748,0.48484848484848486,0.494949494949495,0.5050505050505051,0.5151515151515152,0.5252525252525253,0.5353535353535354,0.5454545454545455,0.5555555555555556,0.5656565656565657,0.5757575757575758,0.5858585858585859,0.595959595959596,0.6060606060606061,0.6161616161616162,0.6262626262626263,0.6363636363636365,0.6464646464646465,0.6565656565656566,0.6666666666666667,0.6767676767676768,0.686868686868687,0.696969696969697,0.7070707070707072,0.7171717171717172,0.7272727272727273,0.7373737373737375,0.7474747474747475,0.7575757575757577,0.7676767676767677,0.7777777777777778,0.787878787878788,0.797979797979798,0.8080808080808082,0.8181818181818182,0.8282828282828284,0.8383838383838385,0.8484848484848485,0.8585858585858587,0.8686868686868687,0.8787878787878789,0.888888888888889,0.8989898989898991,0.9090909090909092,0.9191919191919192,0.9292929292929294,0.9393939393939394,0.9494949494949496,0.9595959595959597,0.9696969696969697,0.9797979797979799,0.98989898989899,1.0
37,0.0,0.010101010101010102,0.020202020202020204,0.030303030303030304,0.04040404040404041,0.05050505050505051,0.06060606060606061,0.07070707070707072,0.08080808080808081,0.09090909090909091,0.10101010101010102,0.11111111111111112,0.12121212121212122,0.13131313131313133,0.14141414141414144,0.15151515151515152,0.16161616161616163,0.17171717171717174,0.18181818181818182,0.19191919191919193,0.20202020202020204,0.21212121212121213,0.22222222222222224,0.23232323232323235,0.24242424242424243,0.25252525252525254,0.26262626262626265,0.27272727272727276,0.2828282828282829,0.29292929292929293,0.30303030303030304,0.31313131313131315,0.32323232323232326,0.33333333333333337,0.3434343434343435,0.3535353535353536,0.36363636363636365,0.37373737373737376,0.38383838383838387,0.393939393939394,0.4040404040404041,0.4141414141414142,0.42424242424242425,0.43434343434343436,0.4444444444444445,0.4545454545454546,0.4646464646464647,0.4747474747474748,0.48484848484848486,0.494949494949495,0.5050505050505051,0.5151515151515152,0.5252525252525253,0.5353535353535354,0.5454545454545455,0.5555555555555556,0.5656565656565657,0.5757575757575758,0.5858585858585859,0.595959595959596,0.6060606060606061,0.6161616161616162,0.6262626262626263,0.6363636363636365,0.6464646464646465,0.6565656565656566,0.6666666666666667,0.6767676767676768,0.686868686868687,0.696969696969697,0.7070707070707072,0.7171717171717172,0.7272727272727273,0.7373737373737375,0.7474747474747475,0.7575757575757577,0.7676767676767677,0.7777777777777778,0.787878787878788,0.797979797979798,0.8080808080808082,0.8181818181818182,0.8282828282828284,0.8383838383838385,0.8484848484848485,0.8585858585858587,0.8686868686868687,0.8787878787878789,0.888888888888889,0.8989898989898991,0.9090909090909092,0.9191919191919192,0.9292929292929294,0.9393939393939394,0.9494949494949496,0.9595959595959597,0.9696969696969697,0.9797979797979799,0.98989898989899,1.0
38,0.0,0.010101010101010102,0.020202020202020204,0.030303030303030304,0.04040404040404041,0.05050505050505051,0.06060606060606061,0.07070707070707072,0.08080808080808081,0.09090909090909091,0.10101010101010102,0.11111111111111112,0.12121212121212122,0.13131313131313133,0.14141414141414144,0.15151515151515152,0.16161616161616163,0.17171717171717174,0.18181818181818182,0.19191919191919193,0.20202020202020204,0.21212121212121213,0.22222222222222224,0.23232323232323235,0.24242424242424243,0.25252525252525254,0.26262626262626265,0.27272727272727276,0.2828282828282829,0.29292929292929293,0.30303030303030304,0.31313131313131315,0.32323232323232326,0.33333333333333337,0.3434343434343435,0.3535353535353536,0.36363636363636365,0.37373737373737376,0.38383838383838387,0.393939393939394,0.4040404040404041,0.4141414141414142,0.42424242424242425,0.43434343434343436,0.4444444444444445,0.4545454545454546,0.4646464646464647,0.4747474747474748,0.48484848484848486,0.494949494949495,0.5050505050505051,0.5151515151515152,0.5252525252525253,0.5353535353535354,0.5454545454545455,0.5555555555555556,0.5656565656565657,0.5757575757575758,0.5858585858585859,0.595959595959596,0.6060606060606061,0.6161616161616162,0.6262626262626263,0.6363636363636365,0.6464646464646465,0.6565656565656566,0.6666666666666667,0.6767676767676768,0.686868686868687,0.696969696969697,0.7070707070707072,0.7171717171717172,0.7272727272727273,0.7373737373737375,0.7474747474747475,0.7575757575757577,0.7676767676767677,0.7777777777777778,0.787878787878788,0.797979797979798,0.8080808080808082,0.8181818181818182,0.8282828282828284,0.8383838383838385,0.8484848484848485,0.8585858585858587,0.8686868686868687,0.8787878787878789,0.888888888888889,0.8989898989898991,0.9090909090909092,0.9191919191919192,0.9292929292929294,0.9393939393939394,0.9494949494949496,0.9595959595959597,0.9696969696969697,0.9797979797979799,0.98989898989899,1.0
39,0.0,0.010101010101010102,0.020202020202020204,0.030303030303030304,0.04040404040404041,0.05050505050505051,0.06060606060606061,0.07070707070707072,0.08080808080808081,0.09090909090909091,0.10101010101010102,0.11111111111111112,0.12121212121212122,0.13131313131313133,0.14141414141414144,0.15151515151515152,0.16161616161616163,0.17171717171717174,0.18181818181818182,0.19191919191919193,0.20202020202020204,0.21212121212121213,0.22222222222222224,0.23232323232323235,0.24242424242424243,0.25252525252525254,0.26262626262626265,0.27272727272727276,0.2828282828282829,0.29292929292929293,0.30303030303030304,0.31313131313131315,0.32323232323232326,0.33333333333333337,0.3434343434343435,0.3535353535353536,0.36363636363636365,0.37373737373737376,0.38383838383838387,0.393939393939394,0.4040404040404041,0.4141414141414142,0.42424242424242425,0.43434343434343436,0.4444444444444445,0.4545454545454546,0.4646464646464647,0.4747474747474748,0.48484848484848486,0.494949494949495,0.5050505050505051,0.5151515151515152,0.5252525252525253,0.5353535353535354,0.5454545454545455,0.5555555555555556,0.5656565656565657,0.5757575757575758,0.5858585858585859,0.595959595959596,0.6060606060606061,0.6161616161616162,0.6262626262626263,0.6363636363636365,0.6464646464646465,0.6565656565656566,0.6666666666666667,0.6767676767676768,0.686868686868687,0.696969696969697,0.7070707070707072,0.7171717171717172,0.7272727272727273,0.7373737373737375,0.7474747474747475,0.7575757575757577,0.7676767676767677,0.7777777777777778,0.787878787878788,0.797979797979798,0.8080808080808082,0.8181818181818182,0.8282828282828284,0.8383838383838385,0.8484848484848485,0.8585858585858587,0.8686868686868687,0.8787878787878789,0.888888888888889,0.8989898989898991,0.9090909090909092,0.9191919191919192,0.9292929292929294,0.9393939393939394,0.9494949494949496,0.9595959595959597,0.9696969696969697,0.9797979797979799,0.98989898989899,1.0
40,0.0,0.010101010101010102,0.020202020202020204,0.030303030303030304,0.04040404040404041,0.05050505050505051,0.06060606060606061,0.07070707070707072,0.08080808080808081,0.09090909090909091,0.10101010101010102,0.11111111111111112,0.12121212121212122,0.13131313131313133,0.14141414141414144,0.15151515151515152,0.16161616161616163,0.17171717171717174,0.18181818181818182,0.19191919191919193,0.20202020202020204,0.21212121212121213,0.22222222222222224,0.23232323232323235,0.24242424242424243,0.25252525252525254,0.26262626262626265,0.27272727272727276,0.2828282828282829,0.29292929292929293,0.30303030303030304,0.31313131313131315,0.32323232323232326,0.33333333333333337,0.3434343434343435,0.3535353535353536,0.36363636363636365,0.37373737373737376,0.38383838383838387,0.393939393939394,0.4040404040404041,0.4141414141414142,0.42424242424242425,0.43434343434343436,0.4444444444444445,0.4545454545454546,0.4646464646464647,0.4747474747474748,0.48484848484848486,0.494949494949495,0.5050505050505051,0.5151515151515152,0.5252525252525253,0.5353535353535354,0.5454545454545455,0.5555555555555556,0.5656565656565657,0.5757575757575758,0.5858585858585859,0.595959595959596,0.6060606060606061,0.6161616161616162,0.6262626262626263,0.6363636363636365,0.6464646464646465,0.6565656565656566,0.6666666666666667,0.6767676767676768,0.686868686868687,0.696969696969697,0.7070707070707072,0.7171717171717172,0.7272727272727273,0.7373737373737375,0.7474747474747475,0.7575757575757577,0.7676767676767677,0.7777777777777778,0.787878787878788,0.797979797979798,0.8080808080808082,0.8181818181818182,0.8282828282828284,0.8383838383838385,0.8484848484848485,0.8585858585858587,0.8686868686868687,0.8787878787878789,0.888888888888889,0.8989898989898991,0.9090909090909092,0.9191919191919192,0.9292929292929294,0.9393939393939394,0.9494949494949496,0.9595959595959597,0.9696969696969697,0.9797979797979799,0.98989898989899,1.0
41,0.0,0.010101010101010102,0.020202020202020204,0.030303030303030304,0.04040404040404041,0.05050505050505051,0.06060606060606061,0.07070707070707072,0.08080808080808081,0.09090909090909091,0.10101010101010102,0.11111111111111112,0.12121212121212122,0.13131313131313133,0.14141414141414144,0.15151515151515152,0.16161616161616163,0.17171717171717174,0.18181818181818182,0.19191919191919193,0.20202020202020204,0.21212121212121213,0.22222222222222224,0.23232323232323235,0.24242424242424243,0.25252525252525254,0.26262626262626265,0.27272727272727276,0.2828282828282829,0.29292929292929293,0.30303030303030304,0.31313131313131315,0.32323232323232326,0.33333333333333337,0.3434343434343435,0.3535353535353536,0.36363636363636365,0.37373737373737376,0.38383838383838387,0.393939393939394,0.4040404040404041,0.4141414141414142,0.42424242424242425,0.43434343434343436,0.4444444444444445,0.4545454545454546,0.4646464646464647,0.4747474747474748,0.48484848484848486,0.494949494949495,0.5050505050505051,0.5151515151515152,0.5252525252525253,0.5353535353535354,0.5454545454545455,0.5555555555555556,0.5656565656565657,0.5757575757575758,0.5858585858585859,0.595959595959596,0.6060606060606061,0.6161616161616162,0.6262626262626263,0.6363636363636365,0.6464646464646465,0.6565656565656566,0.6666666666666667,0.6767676767676768,0.686868686868687,0.696969696969697,0.7070707070707072,0.7171717171717172,0.7272727272727273,0.7373737373737375,0.7474747474747475,0.7575757575757577,0.7676767676767677,0.7777777777777778,0.787878787878788,0.797979797979798,0.8080808080808082,0.8181818181818182,0.8282828282828284,0.8383838383838385,0.8484848484848485,0.8585858585858587,0.8686868686868687,0.8787878787878789,0.888888888888889,0.8989898989898991,0.9090909090909092,0.9191919191919192,0.9292929292929294,0.9393939393939394,0.9494949494949496,0.9595959595959597,0.9696969696969697,0.9797979797979799,0.98989898989899,1.0
42,0.0,0.010101010101010102,0.020202020202020204,0.030303030303030304,0.04040404040404041,0.05050505050505051,0.06060606060606061,0.07070707070707072,0.08080808080808081,0.09090909090909091,0.10101010101010102,0.11111111111111112,0.12121212121212122,0.13131313131313133,0.14141414141414144,0.15151515151515152,0.16161616161616163,0.17171717171717174,0.18181818181818182,0.19191919191919193,0.20202020202020204,0.21212121212121213,0.22222222222222224,0.23232323232323235,0.24242424242424243,0.25252525252525254,0.26262626262626265,0.27272727272727276,0.2828282828282829,0.29292929292929293,0.30303030303030304,0.31313131313131315,0.32323232323232326,0.33333333333333337,0.3434343434343435,0.3535353535353536,0.36363636363636365,0.37373737373737376,0.38383838383838387,0.393939393939394,0.4040404040404041,0.4141414141414142,0.42424242424242425,0.43434343434343436,0.4444444444444445,0.4545454545454546,0.4646464646464647,0.4747474747474748,0.48484848484848486,0.494949494949495,0.5050505050505051,0.5151515151515152,0.5252525252525253,0.5353535353535354,0.5454545454545455,0.5555555555555556,0.5656565656565657,0.5757575757575758,0.5858585858585859,0.595959595959596,0.6060606060606061,0.6161616161616162,0.6262626262626263,0.6363636363636365,0.6464646464646465,0.6565656565656566,0.6666666666666667,0.6767676767676768,0.686868686868687,0.696969696969697,0.7070707070707072,0.7171717171717172,0.7272727272727273,0.7373737373737375,0.7474747474747475,0.7575757575757577,0.7676767676767677,0.7777777777777778,0.787878787878788,0.797979797979798,0.8080808080808082,0.8181818181818182,0.8282828282828284,0.8383838383838385,0.8484848484848485,0.8585858585858587,0.8686868686868687,0.8787878787878789,0.888888888888889,0.8989898989898991,0.9090909090909092,0.9191919191919192,0.9292929292929294,0.9393939393939394,0.9494949494949496,0.9595959595959597,0.9696969696969697,0.9797979797979799,0.98989898989899,1.0
43,0.0,0.010101010101010102,0.020202020202020204,0.030303030303030304,0.04040404040404041,0.05050505050505051,0.06060606060606061,0.07070707070707072,0.08080808080808081,0.09090909090909091,0.10101010101010102,0.11111111111111112,0.12121212121212122,0.13131313131313133,0.14141414141414144,0.15151515151515152,0.16161616161616163,0.17171717171717174,0.18181818181818182,0.19191919191919193,0.20202020202020204,0.21212121212121213,0.22222222222222224,0.23232323232323235,0.24242424242424243,0.25252525252525254,0.26262626262626265,0.27272727272727276,0.2828282828282829,0.29292929292929293,0.30303030303030304,0.31313131313131315,0.32323232323232326,0.33333333333333337,0.3434343434343435,0.3535353535353536,0.36363636363636365,0.37373737373737376,0.38383838383838387,0.393939393939394,0.4040404040404041,0.4141414141414142,0.42424242424242425,0.43434343434343436,0.4444444444444445,0.4545454545454546,0.4646464646464647,0.4747474747474748,0.48484848484848486,0.494949494949495,0.5050505050505051,0.5151515151515152,0.5252525252525253,0.5353535353535354,0.5454545454545455,0.5555555555555556,0.5656565656565657,0.5757575757575758,0.5858585858585859,0.595959595959596,0.6060606060606061,0.6161616161616162,0.6262626262626263,0.6363636363636365,0.6464646464646465,0.6565656565656566,0.6666666666666667,0.6767676767676768,0.686868686868687,0.696969696969697,0.7070707070707072,0.7171717171717172,0.7272727272727273,0.7373737373737375,0.7474747474747475,0.7575757575757577,0.7676767676767677,0.7777777777777778,0.787878787878788,0.797979797979798,0.8080808080808082,0.8181818181818182,0.8282828282828284,0.8383838383838385,0.8484848484848485,0.8585858585858587,0.8686868686868687,0.8787878787878789,0.888888888888889,0.8989898989898991,0.9090909090909092,0.9191919191919192,0.9292929292929294,0.9393939393939394,0.9494949494949496,0.9595959595959597,0.9696969696969697,0.9797979797979799,0.98989898989899,1.0
44,0.0,0.010101010101010102,0.020202020202020204,0.030303030303030304,0.04040404040404041,0.05050505050505051,0.06060606060606061,0.07070707070707072,0.08080808080808081,0.09090909090909091,0.10101010101010102,0.11111111111111112,0.12121212121212122,0.13131313131313133,0.14141414141414144,0.15151515151515152,0.16161616161616163,0.17171717171717174,0.18181818181818182,0.19191919191919193,0.20202020202020204,0.21212121212121213,0.22222222222222224,0.23232323232323235,0.24242424242424243,0.25252525252525254,0.26262626262626265,0.27272727272727276,0.2828282828282829,0.29292929292929293,0.30303030303030304,0.31313131313131315,0.32323232323232326,0.33333333333333337,0.3434343434343435,0.3535353535353536,0.36363636363636365,0.37373737373737376,0.38383838383838387,0.393939393939394,0.4040404040404041,0.4141414141414142,0.42424242424242425,0.43434343434343436,0.4444444444444445,0.4545454545454546,0.4646464646464647,0.4747474747474748,0.48484848484848486,0.494949494949495,0.5050505050505051,0.5151515151515152,0.5252525252525253,0.5353535353535354,0.5454545454545455,0.5555555555555556,0.5656565656565657,0.5757575757575758,0.5858585858585859,0.595959595959596,0.6060606060606061,0.6161616161616162,0.6262626262626263,0.6363636363636365,0.6464646464646465,0.6565656565656566,0.6666666666666667,0.6767676767676768,0.686868686868687,0.696969696969697,0.7070707070707072,0.7171717171717172,0.7272727272727273,0.7373737373737375,0.7474747474747475,0.7575757575757577,0.7676767676767677,0.7777777777777778,0.787878787878788,0.797979797979798,0.8080808080808082,0.8181818181818182,0.8282828282828284,0.8383838383838385,0.8484848484848485,0.8585858585858587,0.8686868686868687,0.8787878787878789,0.888888888888889,0.8989898989898991,0.9090909090909092,0.9191919191919192,0.9292929292929294,0.9393939393939394,0.9494949494949496,0.9595959595959597,0.9696969696969697,0.9797979797979799,0.98989898989899,1.0
45,0.0,0.010101010101010102,0.020202020202020204,0.030303030303030304,0.04040404040404041,0.05050505050505051,0.06060606060606061,0.07070707070707072,0.08080808080808081,0.09090909090909091,0.10101010101010102,0.11111111111111112,0.12121212121212122,0.13131313131313133,0.14141414141414144,0.15151515151515152,0.16161616161616163,0.17171717171717174,0.18181818181818182,0.19191919191919193,0.20202020202020204,0.21212121212121213,0.22222222222222224,0.23232323232323235,0.24242424242424243,0.25252525252525254,0.26262626262626265,0.27272727272727276,0.2828282828282829,0.29292929292929293,0.30303030303030304,0.31313131313131315,0.32323232323232326,0.33333333333333337,0.3434343434343435,0.3535353535353536,0.36363636363636365,0.37373737373737376,0.38383838383838387,0.393939393939394,0.4040404040404041,0.4141414141414142,0.42424242424242425,0.43434343434343436,0.4444444444444445,0.4545454545454546,0.4646464646464647,0.4747474747474748,0.48484848484848486,0.494949494949495,0.5050505050505051,0.5151515151515152,0.5252525252525253,0.5353535353535354,0.5454545454545455,0.5555555555555556,0.5656565656565657,0.5757575757575758,0.5858585858585859,0.595959595959596,0.6060606060606061,0.6161616161616162,0.6262626262626263,0.6363636363636365,0.6464646464646465,0.6565656565656566,0.6666666666666667,0.6767676767676768,0.686868686868687,0.696969696969697,0.7070707070707072,0.7171717171717172,0.7272727272727273,0.7373737373737375,0.7474747474747475,0.7575757575757577,0.7676767676767677,0.7777777777777778,0.787878787878788,0.797979797979798,0.8080808080808082,0.8181818181818182,0.8282828282828284,0.8383838383838385,0.8484848484848485,0.8585858585858587,0.8686868686868687,0.8787878787878789,0.888888888888889,0.8989898989898991,0.9090909090909092,0.9191919191919192,0.9292929292929294,0.9393939393939394,0.9494949494949496,0.9595959595959597,0.9696969696969697,0.9797979797979799,0.98989898989899,1.0
46,0.0,0.010101010101010102,0.020202020202020204,0.030303030303030304,0.04040404040404041,0.05050505050505051,0.06060606060606061,0.07070707070707072,0.08080808080808081,0.09090909090909091,0.10101010101010102,0.11111111111111112,0.12121212121212122,0.13131313131313133,0.14141414141414144,0.15151515151515152,0.16161616161616163,0.17171717171717174,0.18181818181818182,0.19191919191919193,0.20202020202020204,0.21212121212121213,0.22222222222222224,0.23232323232323235,0.24242424242424243,0.25252525252525254,0.26262626262626265,0.27272727272727276,0.2828282828282829,0.29292929292929293,0.30303030303030304,0.31313131313131315,0.32323232323232326,0.33333333333333337,0.3434343434343435,0.3535353535353536,0.36363636363636365,0.37373737373737376,0.38383838383838387,0.393939393939394,0.4040404040404041,0.4141414141414142,0.42424242424242425,0.43434343434343436,0.4444444444444445,0.4545454545454546,0.4646464646464647,0.4747474747474748,0.48484848484848486,0.494949494949495,0.5050505050505051,0.5151515151515152,0.5252525252525253,0.5353535353535354,0.5454545454545455,0.5555555555555556,0.5656565656565657,0.5757575757575758,0.5858585858585859,0.595959595959596,0.6060606060606061,0.6161616161616162,0.6262626262626263,0.6363636363636365,0.6464646464646465,0.6565656565656566,0.6666666666666667,0.6767676767676768,0.686868686868687,0.696969696969697,0.7070707070707072,0.7171717171717172,0.7272727272727273,0.7373737373737375,0.7474747474747475,0.7575757575757577,0.7676767676767677,0.7777777777777778,0.787878787878788,0.797979797979798,0.8080808080808082,0.8181818181818182,0.8282828282828284,0.8383838383838385,0.8484848484848485,0.8585858585858587,0.8686868686868687,0.8787878787878789,0.888888888888889,0.8989898989898991,0.9090909090909092,0.9191919191919192,0.9292929292929294,0.9393939393939394,0.9494949494949496,0.9595959595959597,0.9696969696969697,0.9797979797979799,0.98989898989899,1.0
47,0.0,0.010101010101010102,0.020202020202020204,0.030303030303030304,0.04040404040404041,0.05050505050505051,0.06060606060606061,0.07070707070707072,0.08080808080808081,0.09090909090909091,0.10101010101010102,0.11111111111111112,0.12121212121212122,0.13131313131313133,0.14141414141414144,0.15151515151515152,0.16161616161616163,0.17171717171717174,0.18181818181818182,0.19191919191919193,0.20202020202020204,0.21212121212121213,0.22222222222222224,0.23232323232323235,0.24242424242424243,0.25252525252525254,0.26262626262626265,0.27272727272727276,0.2828282828282829,0.29292929292929293,0.30303030303030304,0.31313131313131315,0.32323232323232326,0.33333333333333337,0.3434343434343435,0.3535353535353536,0.36363636363636365,0.37373737373737376,0.38383838383838387,0.393939393939394,0.4040404040404041,0.4141414141414142,0.42424242424242425,0.43434343434343436,0.4444444444444445,0.4545454545454546,0.4646464646464647,0.4747474747474748,0.48484848484848486,0.494949494949495,0.5050505050505051,0.5151515151515152,0.5252525252525253,0.5353535353535354,0.5454545454545455,0.5555555555555556,0.5656565656565657,0.5757575757575758,0.5858585858585859,0.595959595959596,0.6060606060606061,0.6161616161616162,0.6262626262626263,0.6363636363636365,0.6464646464646465,0.6565656565656566,0.6666666666666667,0.6767676767676768,0.686868686868687,0.696969696969697,0.7070707070707072,0.7171717171717172,0.7272727272727273,0.7373737373737375,0.7474747474747475,0.7575757575757577,0.7676767676767677,0.7777777777777778,0.787878787878788,0.797979797979798,0.8080808080808082,0.8181818181818182,0.8282828282828284,0.8383838383838385,0.8484848484848485,0.8585858585858587,0.8686868686868687,0.8787878787878789,0.888888888888889,0.8989898989898991,0.9090909090909092,0.9191919191919192,0.9292929292929294,0.9393939393939394,0.9494949494949496,0.9595959595959597,0.9696969696969697,0.9797979797979799,0.98989898989899,1.0
48,0.0,0.010101010101010102,0.020202020202020204,0.030303030303030304,0.04040404040404041,0.05050505050505051,0.06060606060606061,0.07070707070707072,0.08080808080808081,0.09090909090909091,0.10101010101010102,0.11111111111111112,0.12121212121212122,0.13131313131313133,0.14141414141414144,0.15151515151515152,0.16161616161616163,0.17171717171717174,0.18181818181818182,0.19191919191919193,0.20202020202020204,0.21212121212121213,0.22222222222222224,0.23232323232323235,0.24242424242424243,0.25252525252525254,0.26262626262626265,0.27272727272727276,0.2828282828282829,0.29292929292929293,0.30303030303030304,0.31313131313131315,0.32323232323232326,0.33333333333333337,0.3434343434343435,0.3535353535353536,0.36363636363636365,0.37373737373737376,0.38383838383838387,0.393939393939394,0.4040404040404041,0.4141414141414142,0.42424242424242425,0.43434343434343436,0.4444444444444445,0.4545454545454546,0.4646464646464647,0.4747474747474748,0.48484848484848486,0.494949494949495,0.5050505050505051,0.5151515151515152,0.5252525252525253,0.5353535353535354,0.5454545454545455,0.5555555555555556,0.5656565656565657,0.5757575757575758,0.5858585858585859,0.595959595959596,0.6060606060606061,0.6161616161616162,0.6262626262626263,0.6363636363636365,0.6464646464646465,0.6565656565656566,0.6666666666666667,0.6767676767676768,0.686868686868687,0.696969696969697,0.7070707070707072,0.7171717171717172,0.7272727272727273,0.7373737373737375,0.7474747474747475,0.7575757575757577,0.7676767676767677,0.7777777777777778,0.787878787878788,0.797979797979798,0.8080808080808082,0.8181818181818182,0.8282828282828284,0.8383838383838385,0.8484848484848485,0.8585858585858587,0.8686868686868687,0.8787878787878789,0.888888888888889,0.8989898989898991,0.9090909090909092,0.9191919191919192,0.9292929292929294,0.9393939393939394,0.9494949494949496,0.9595959595959597,0.9696969696969697,0.9797979797979799,0.98989898989899,1.0
49,0.0,0.010101010101010102,0.020202020202020204,0.030303030303030304,0.04040404040404041,0.05050505050505051,0.06060606060606061,0.07070707070707072,0.08080808080808081,0.09090909090909091,0.10101010101010102,0.11111111111111112,0.12121212121212122,0.13131313131313133,0.14141414141414144,0.15151515151515152,0.16161616161616163,0.17171717171717174,0.18181818181818182,0.19191919191919193,0.20202020202020204,0.21212121212121213,0.22222222222222224,0.23232323232323235,0.24242424242424243,0.25252525252525254,0.26262626262626265,0.27272727272727276,0.2828282828282829,0.29292929292929293,0.30303030303030304,0.31313131313131315,0.32323232323232326,0.33333333333333337,0.3434343434343435,0.3535353535353536,0.36363636363636365,0.37373737373737376,0.38383838383838387,0.393939393939394,0.4040404040404041,0.4141414141414142,0.42424242424242425,0.43434343434343436,0.4444444444444445,0.4545454545454546,0.4646464646464647,0.4747474747474748,0.48484848484848486,0.494949494949495,0.5050505050505051,0.5151515151515152,0.5252525252525253,0.5353535353535354,0.5454545454545455,0.5555555555555556,0.5656565656565657,0.5757575757575758,0.5858585858585859,0.595959595959596,0.6060606060606061,0.6161616161616162,0.6262626262626263,0.6363636363636365,0.6464646464646465,0.6565656565656566,0.6666666666666667,0.6767676767676768,0.686868686868687,0.696969696969697,0.7070707070707072,0.7171717171717172,0.7272727272727273,0.7373737373737375,0.7474747474747475,0.7575757575757577,0.7676767676767677,0.7777777777777778,0.787878787878788,0.797979797979798,0.8080808080808082,0.8181818181818182,0.8282828282828284,0.8383838383838385,0.8484848484848485,0.8585858585858587,0.8686868686868687,0.8787878787878789,0.888888888888889,0.8989898989898991,0.9090909090909092,0.9191919191919192,0.9292929292929294,0.9393939393939394,0.9494949494949496,0.9595959595959597,0.9696969696969697,0.9797979797979799,0.98989898989899,1.0
50,0.0,0.010101010101010102,0.020202020202020204,0.030303030303030304,0.04040404040404041,0.05050505050505051,0.06060606060606061,0.07070707070707072,0.08080808080808081,0.09090909090909091,0.10101010101010102,0.11111111111111112,0.12121212121212122,0.13131313131313133,0.14141414141414144,0.15151515151515152,0.16161616161616163,0.17171717171717174,0.18181818181818182,0.19191919191919193,0.20202020202020204,0.21212121212121213,0.22222222222222224,0.23232323232323235,0.24242424242424243,0.25252525252525254,0.26262626262626265,0.27272727272727276,0.2828282828282829,0.29292929292929293,0.30303030303030304,0.31313131313131315,0.32323232323232326,0.33333333333333337,0.3434343434343435,0.3535353535353536,0.36363636363636365,0.37373737373737376,0.38383838383838387,0.393939393939394,0.4040404040404041,0.4141414141414142,0.42424242424242425,0.43434343434343436,0.4444444444444445,0.4545454545454546,0.4646464646464647,0.4747474747474748,0.48484848484848486,0.494949494949495,0.5050505050505051,0.5151515151515152,0.5252525252525253,0.5353535353535354,0.5454545454545455,0.5555555555555556,0.5656565656565657,0.5757575757575758,0.5858585858585859,0.595959595959596,0.6060606060606061,0.6161616161616162,0.6262626262626263,0.6363636363636365,0.6464646464646465,0.6565656565656566,0.6666666666666667,0.6767676767676768,0.686868686868687,0.696969696969697,0.7070707070707072,0.7171717171717172,0.7272727272727273,0.7373737373737375,0.7474747474747475,0.7575757575757577,0.7676767676767677,0.7777777777777778,0.787878787878788,0.797979797979798,0.8080808080808082,0.8181818181818182,0.8282828282828284,0.8383838383838385,0.8484848484848485,0.8585858585858587,0.8686868686868687,0.8787878787878789,0.888888888888889,0.8989898989898991,0.9090909090909092,0.9191919191919192,0.9292929292929294,0.9393939393939394,0.9494949494949496,0.9595959595959597,0.9696969696969697,0.9797979797979799,0.98989898989899,1.0
51,0.0,0.010101010101010102,0.020202020202020204,0.030303030303030304,0.04040404040404041,0.05050505050505051,0.06060606060606061,0.07070707070707072,0.08080808080808081,0.09090909090909091,0.10101010101010102,0.11111111111111112,0.12121212121212122,0.13131313131313133,0.14141414141414144,0.15151515151515152,0.16161616161616163,0.17171717171717174,0.18181818181818182,0.19191919191919193,0.20202020202020204,0.21212121212121213,0.22222222222222224,0.23232323232323235,0.24242424242424243,0.25252525252525254,0.26262626262626265,0.27272727272727276,0.2828282828282829,0.29292929292929293,0.30303030303030304,0.31313131313131315,0.32323232323232326,0.33333333333333337,0.3434343434343435,0.3535353535353536,0.36363636363636365,0.37373737373737376,0.38383838383838387,0.393939393939394,0.4040404040404041,0.4141414141414142,0.42424242424242425,0.43434343434343436,0.4444444444444445,0.4545454545454546,0.4646464646464647,0.4747474747474748,0.48484848484848486,0.494949494949495,0.5050505050505051,0.5151515151515152,0.5252525252525253,0.5353535353535354,0.5454545454545455,0.5555555555555556,0.5656565656565657,0.5757575757575758,0.5858585858585859,0.595959595959596,0.6060606060606061,0.6161616161616162,0.6262626262626263,0.6363636363636365,0.6464646464646465,0.6565656565656566,0.6666666666666667,0.6767676767676768,0.686868686868687,0.696969696969697,0.7070707070707072,0.7171717171717172,0.7272727272727273,0.7373737373737375,0.7474747474747475,0.7575757575757577,0.7676767676767677,0.7777777777777778,0.787878787878788,0.797979797979798,0.8080808080808082,0.8181818181818182,0.8282828282828284,0.8383838383838385,0.8484848484848485,0.8585858585858587,0.8686868686868687,0.8787878787878789,0.888888888888889,0.8989898989898991,0.9090909090909092,0.9191919191919192,0.9292929292929294,0.9393939393939394,0.9494949494949496,0.9595959595959597,0.9696969696969697,0.9797979797979799,0.98989898989899,1.0
52,0.0,0.010101010101010102,0.020202020202020204,0.030303030303030304,0.04040404040404041,0.05050505050505051,0.06060606060606061,0.07070707070707072,0.08080808080808081,0.09090909090909091,0.10101010101010102,0.11111111111111112,0.12121212121212122,0.13131313131313133,0.14141414141414144,0.15151515151515152,0.16161616161616163,0.17171717171717174,0.18181818181818182,0.19191919191919193,0.20202020202020204,0.21212121212121213,0.22222222222222224,0.23232323232323235,0.24242424242424243,0.25252525252525254,0.26262626262626265,0.27272727272727276,0.2828282828282829,0.29292929292929293,0.30303030303030304,0.31313131313131315,0.32323232323232326,0.33333333333333337,0.3434343434343435,0.3535353535353536,0.36363636363636365,0.37373737373737376,0.38383838383838387,0.393939393939394,0.4040404040404041,0.4141414141414142,0.42424242424242425,0.43434343434343436,0.4444444444444445,0.4545454545454546,0.4646464646464647,0.4747474747474748,0.48484848484848486,0.494949494949495,0.5050505050505051,0.5151515151515152,0.5252525252525253,0.5353535353535354,0.5454545454545455,0.5555555555555556,0.5656565656565657,0.5757575757575758,0.5858585858585859,0.595959595959596,0.6060606060606061,0.6161616161616162,0.6262626262626263,0.6363636363636365,0.6464646464646465,0.6565656565656566,0.6666666666666667,0.6767676767676768,0.686868686868687,0.696969696969697,0.7070707070707072,0.7171717171717172,0.7272727272727273,0.7373737373737375,0.7474747474747475,0.7575757575757577,0.7676767676767677,0.7777777777777778,0.787878787878788,0.797979797979798,0.8080808080808082,0.8181818181818182,0.8282828282828284,0.8383838383838385,0.8484848484848485,0.8585858585858587,0.8686868686868687,0.8787878787878789,0.888888888888889,0.8989898989898991,0.9090909090909092,0.9191919191919192,0.9292929292929294,0.9393939393939394,0.9494949494949496,0.9595959595959597,0.9696969696969697,0.9797979797979799,0.98989898989899,1.0
53,0.0,0.010101010101010102,0.020202020202020204,0.030303030303030304,0.04040404040404041,0.05050505050505051,0.06060606060606061,0.07070707070707072,0.08080808080808081,0.09090909090909091,0.10101010101010102,0.11111111111111112,0.12121212121212122,0.13131313131313133,0.14141414141414144,0.15151515151515152,0.16161616161616163,0.17171717171717174,0.18181818181818182,0.19191919191919193,0.20202020202020204,0.21212121212121213,0.22222222222222224,0.23232323232323235,0.24242424242424243,0.25252525252525254,0.26262626262626265,0.27272727272727276,0.2828282828282829,0.29292929292929293,0.30303030303030304,0.31313131313131315,0.32323232323232326,0.33333333333333337,0.3434343434343435,0.3535353535353536,0.36363636363636365,0.37373737373737376,0.38383838383838387,0.393939393939394,0.4040404040404041,0.4141414141414142,0.42424242424242425,0.43434343434343436,0.4444444444444445,0.4545454545454546,0.4646464646464647,0.4747474747474748,0.48484848484848486,0.494949494949495,0.5050505050505051,0.5151515151515152,0.5252525252525253,0.5353535353535354,0.5454545454545455,0.5555555555555556,0.5656565656565657,0.5757575757575758,0.5858585858585859,0.595959595959596,0.6060606060606061,0.6161616161616162,0.6262626262626263,0.6363636363636365,0.6464646464646465,0.6565656565656566,0.6666666666666667,0.6767676767676768,0.686868686868687,0.696969696969697,0.7070707070707072,0.7171717171717172,0.7272727272727273,0.7373737373737375,0.7474747474747475,0.7575757575757577,0.7676767676767677,0.7777777777777778,0.787878787878788,0.797979797979798,0.8080808080808082,0.8181818181818182,0.8282828282828284,0.8383838383838385,0.8484848484848485,0.8585858585858587,0.8686868686868687,0.8787878787878789,0.888888888888889,0.8989898989898991,0.9090909090909092,0.9191919191919192,0.9292929292929294,0.9393939393939394,0.9494949494949496,0.9595959595959597,0.9696969696969697,0.9797979797979799,0.98989898989899,1.0
54,0.0,0.010101010101010102,0.020202020202020204,0.030303030303030304,0.04040404040404041,0.05050505050505051,0.06060606060606061,0.07070707070707072,0.08080808080808081,0.09090909090909091,0.10101010101010102,0.11111111111111112,0.12121212121212122,0.13131313131313133,0.14141414141414144,0.15151515151515152,0.16161616161616163,0.17171717171717174,0.18181818181818182,0.19191919191919193,0.20202020202020204,0.21212121212121213,0.22222222222222224,0.23232323232323235,0.24242424242424243,0.25252525252525254,0.26262626262626265,0.27272727272727276,0.2828282828282829,0.29292929292929293,0.30303030303030304,0.31313131313131315,0.32323232323232326,0.33333333333333337,0.3434343434343435,0.3535353535353536,0.36363636363636365,0.37373737373737376,0.38383838383838387,0.393939393939394,0.4040404040404041,0.4141414141414142,0.42424242424242425,0.43434343434343436,0.4444444444444445,0.4545454545454546,0.4646464646464647,0.4747474747474748,0.48484848484848486,0.494949494949495,0.5050505050505051,0.5151515151515152,0.5252525252525253,0.5353535353535354,0.5454545454545455,0.5555555555555556,0.5656565656565657,0.5757575757575758,0.5858585858585859,0.595959595959596,0.6060606060606061,0.6161616161616162,0.6262626262626263,0.6363636363636365,0.6464646464646465,0.6565656565656566,0.6666666666666667,0.6767676767676768,0.686868686868687,0.696969696969697,0.7070707070707072,0.7171717171717172,0.7272727272727273,0.7373737373737375,0.7474747474747475,0.7575757575757577,0.7676767676767677,0.7777777777777778,0.787878787878788,0.797979797979798,0.8080808080808082,0.8181818181818182,0.8282828282828284,0.8383838383838385,0.8484848484848485,0.8585858585858587,0.8686868686868687,0.8787878787878789,0.888888888888889,0.8989898989898991,0.9090909090909092,0.9191919191919192,0.9292929292929294,0.9393939393939394,0.9494949494949496,0.9595959595959597,0.9696969696969697,0.9797979797979799,0.98989898989899,1.0
55,0.0,0.010101010101010102,0.020202020202020204,0.030303030303030304,0.04040404040404041,0.05050505050505051,0.06060606060606061,0.07070707070707072,0.08080808080808081,0.09090909090909091,0.10101010101010102,0.11111111111111112,0.12121212121212122,0.13131313131313133,0.14141414141414144,0.15151515151515152,0.16161616161616163,0.17171717171717174,0.18181818181818182,0.19191919191919193,0.20202020202020204,0.21212121212121213,0.22222222222222224,0.23232323232323235,0.24242424242424243,0.25252525252525254,0.26262626262626265,0.27272727272727276,0.2828282828282829,0.29292929292929293,0.30303030303030304,0.31313131313131315,0.32323232323232326,0.33333333333333337,0.3434343434343435,0.3535353535353536,0.36363636363636365,0.37373737373737376,0.38383838383838387,0.393939393939394,0.4040404040404041,0.4141414141414142,0.42424242424242425,0.43434343434343436,0.4444444444444445,0.4545454545454546,0.4646464646464647,0.4747474747474748,0.48484848484848486,0.494949494949495,0.5050505050505051,0.5151515151515152,0.5252525252525253,0.5353535353535354,0.5454545454545455,0.5555555555555556,0.5656565656565657,0.5757575757575758,0.5858585858585859,0.595959595959596,0.6060606060606061,0.6161616161616162,0.6262626262626263,0.6363636363636365,0.6464646464646465,0.6565656565656566,0.6666666666666667,0.6767676767676768,0.686868686868687,0.696969696969697,0.7070707070707072,0.7171717171717172,0.7272727272727273,0.7373737373737375,0.7474747474747475,0.7575757575757577,0.7676767676767677,0.7777777777777778,0.787878787878788,0.797979797979798,0.8080808080808082,0.8181818181818182,0.8282828282828284,0.8383838383838385,0.8484848484848485,0.8585858585858587,0.8686868686868687,0.8787878787878789,0.888888888888889,0.8989898989898991,0.9090909090909092,0.9191919191919192,0.9292929292929294,0.9393939393939394,0.9494949494949496,0.9595959595959597,0.9696969696969697,0.9797979797979799,0.98989898989899,1.0
56,0.0,0.010101010101010102,0.020202020202020204,0.030303030303030304,0.04040404040404041,0.05050505050505051,0.06060606060606061,0.07070707070707072,0.08080808080808081,0.09090909090909091,0.10101010101010102,0.11111111111111112,0.12121212121212122,0.13131313131313133,0.14141414141414144,0.15151515151515152,0.16161616161616163,0.17171717171717174,0.18181818181818182,0.19191919191919193,0.20202020202020204,0.21212121212121213,0.22222222222222224,0.23232323232323235,0.24242424242424243,0.25252525252525254,0.26262626262626265,0.27272727272727276,0.2828282828282829,0.29292929292929293,0.30303030303030304,0.31313131313131315,0.32323232323232326,0.33333333333333337,0.3434343434343435,0.3535353535353536,0.36363636363636365,0.37373737373737376,0.38383838383838387,0.393939393939394,0.4040404040404041,0.4141414141414142,0.42424242424242425,0.43434343434343436,0.4444444444444445,0.4545454545454546,0.4646464646464647,0.4747474747474748,0.48484848484848486,0.494949494949495,0.5050505050505051,0.5151515151515152,0.5252525252525253,0.5353535353535354,0.5454545454545455,0.5555555555555556,0.5656565656565657,0.5757575757575758,0.5858585858585859,0.595959595959596,0.6060606060606061,0.6161616161616162,0.6262626262626263,0.6363636363636365,0.6464646464646465,0.6565656565656566,0.6666666666666667,0.6767676767676768,0.686868686868687,0.696969696969697,0.7070707070707072,0.7171717171717172,0.7272727272727273,0.7373737373737375,0.7474747474747475,0.7575757575757577,0.7676767676767677,0.7777777777777778,0.787878787878788,0.797979797979798,0.8080808080808082,0.8181818181818182,0.8282828282828284,0.8383838383838385,0.8484848484848485,0.8585858585858587,0.8686868686868687,0.8787878787878789,0.888888888888889,0.8989898989898991,0.9090909090909092,0.9191919191919192,0.9292929292929294,0.9393939393939394,0.9494949494949496,0.9595959595959597,0.9696969696969697,0.9797979797979799,0.98989898989899,1.0
57,0.0,0.010101010101010102,0.020202020202020204,0.030303030303030304,0.04040404040404041,0.05050505050505051,0.06060606060606061,0.07070707070707072,0.08080808080808081,0.09090909090909091,0.10101010101010102,0.11111111111111112,0.12121212121212122,0.13131313131313133,0.14141414141414144,0.15151515151515152,0.16161616161616163,0.17171717171717174,0.18181818181818182,0.19191919191919193,0.20202020202020204,0.21212121212121213,0.22222222222222224,0.23232323232323235,0.24242424242424243,0.25252525252525254,0.26262626262626265,0.27272727272727276,0.2828282828282829,0.29292929292929293,0.30303030303030304,0.31313131313131315,0.32323232323232326,0.33333333333333337,0.3434343434343435,0.3535353535353536,0.36363636363636365,0.37373737373737376,0.38383838383838387,0.393939393939394,0.4040404040404041,0.4141414141414142,0.42424242424242425,0.43434343434343436,0.4444444444444445,0.4545454545454546,0.4646464646464647,0.4747474747474748,0.48484848484848486,0.494949494949495,0.5050505050505051,0.5151515151515152,0.5252525252525253,0.5353535353535354,0.5454545454545455,0.5555555555555556,0.5656565656565657,0.5757575757575758,0.5858585858585859,0.595959595959596,0.6060606060606061,0.6161616161616162,0.6262626262626263,0.6363636363636365,0.6464646464646465,0.6565656565656566,0.6666666666666667,0.6767676767676768,0.686868686868687,0.696969696969697,0.7070707070707072,0.7171717171717172,0.7272727272727273,0.7373737373737375,0.7474747474747475,0.7575757575757577,0.7676767676767677,0.7777777777777778,0.787878787878788,0.797979797979798,0.8080808080808082,0.8181818181818182,0.8282828282828284,0.8383838383838385,0.8484848484848485,0.8585858585858587,0.8686868686868687,0.8787878787878789,0.888888888888889,0.8989898989898991,0.9090909090909092,0.9191919191919192,0.9292929292929294,0.9393939393939394,0.9494949494949496,0.9595959595959597,0.9696969696969697,0.9797979797979799,0.98989898989899,1.0
58,0.0,0.010101010101010102,0.020202020202020204,0.030303030303030304,0.04040404040404041,0.05050505050505051,0.06060606060606061,0.07070707070707072,0.08080808080808081,0.09090909090909091,0.10101010101010102,0.11111111111111112,0.12121212121212122,0.13131313131313133,0.14141414141414144,0.15151515151515152,0.16161616161616163,0.17171717171717174,0.18181818181818182,0.19191919191919193,0.20202020202020204,0.21212121212121213,0.22222222222222224,0.23232323232323235,0.24242424242424243,0.25252525252525254,0.26262626262626265,0.27272727272727276,0.2828282828282829,0.29292929292929293,0.30303030303030304,0.31313131313131315,0.32323232323232326,0.33333333333333337,0.3434343434343435,0.3535353535353536,0.36363636363636365,0.37373737373737376,0.38383838383838387,0.393939393939394,0.4040404040404041,0.4141414141414142,0.42424242424242425,0.43434343434343436,0.4444444444444445,0.4545454545454546,0.4646464646464647,0.4747474747474748,0.48484848484848486,0.494949494949495,0.5050505050505051,0.5151515151515152,0.5252525252525253,0.5353535353535354,0.5454545454545455,0.5555555555555556,0.5656565656565657,0.5757575757575758,0.5858585858585859,0.595959595959596,0.6060606060606061,0.6161616161616162,0.6262626262626263,0.6363636363636365,0.6464646464646465,0.6565656565656566,0.6666666666666667,0.6767676767676768,0.686868686868687,0.696969696969697,0.7070707070707072,0.7171717171717172,0.7272727272727273,0.7373737373737375,0.7474747474747475,0.7575757575757577,0.7676767676767677,0.7777777777777778,0.787878787878788,0.797979797979798,0.8080808080808082,0.8181818181818182,0.8282828282828284,0.8383838383838385,0.8484848484848485,0.8585858585858587,0.8686868686868687,0.8787878787878789,0.888888888888889,0.8989898989898991,0.9090909090909092,0.9191919191919192,0.9292929292929294,0.9393939393939394,0.9494949494949496,0.9595959595959597,0.9696969696969697,0.9797979797979799,0.98989898989899,1.0
59,0.0,0.010101010101010102,0.020202020202020204,0.030303030303030304,0.04040404040404041,0.05050505050505051,0.06060606060606061,0.07070707070707072,0.08080808080808081,0.09090909090909091,0.10101010101010102,0.11111111111111112,0.12121212121212122,0.13131313131313133,0.14141414141414144,0.15151515151515152,0.16161616161616163,0.17171717171717174,0.18181818181818182,0.19191919191919193,0.20202020202020204,0.21212121212121213,0.22222222222222224,0.23232323232323235,0.24242424242424243,0.25252525252525254,0.26262626262626265,0.27272727272727276,0.2828282828282829,0.29292929292929293,0.30303030303030304,0.31313131313131315,0.32323232323232326,0.33333333333333337,0.3434343434343435,0.3535353535353536,0.36363636363636365,0.37373737373737376,0.38383838383838387,0.393939393939394,0.4040404040404041,0.4141414141414142,0.42424242424242425,0.43434343434343436,0.4444444444444445,0.4545454545454546,0.4646464646464647,0.4747474747474748,0.48484848484848486,0.494949494949495,0.5050505050505051,0.5151515151515152,0.5252525252525253,0.5353535353535354,0.5454545454545455,0.5555555555555556,0.5656565656565657,0.5757575757575758,0.5858585858585859,0.595959595959596,0.6060606060606061,0.6161616161616162,0.6262626262626263,0.6363636363636365,0.6464646464646465,0.6565656565656566,0.6666666666666667,0.6767676767676768,0.686868686868687,0.696969696969697,0.7070707070707072,0.7171717171717172,0.7272727272727273,0.7373737373737375,0.7474747474747475,0.7575757575757577,0.7676767676767677,0.7777777777777778,0.787878787878788,0.797979797979798,0.8080808080808082,0.8181818181818182,0.8282828282828284,0.8383838383838385,0.8484848484848485,0.8585858585858587,0.8686868686868687,0.8787878787878789,0.888888888888889,0.8989898989898991,0.9090909090909092,0.9191919191919192,0.9292929292929294,0.9393939393939394,0.9494949494949496,0.9595959595959597,0.9696969696969697,0.9797979797979799,0.98989898989899,1.0
60,0.0,0.010101010101010102,0.020202020202020204,0.030303030303030304,0.04040404040404041,0.05050505050505051,0.06060606060606061,0.07070707070707072,0.08080808080808081,0.09090909090909091,0.10101010101010102,0.11111111111111112,0.12121212121212122,0.13131313131313133,0.14141414141414144,0.15151515151515152,0.16161616161616163,0.17171717171717174,0.18181818181818182,0.19191919191919193,0.20202020202020204,0.21212121212121213,0.22222222222222224,0.23232323232323235,0.24242424242424243,0.25252525252525254,0.26262626262626265,0.27272727272727276,0.2828282828282829,0.29292929292929293,0.30303030303030304,0.31313131313131315,0.32323232323232326,0.33333333333333337,0.3434343434343435,0.3535353535353536,0.36363636363636365,0.37373737373737376,0.38383838383838387,0.393939393939394,0.4040404040404041,0.4141414141414142,0.42424242424242425,0.43434343434343436,0.4444444444444445,0.4545454545454546,0.4646464646464647,0.4747474747474748,0.48484848484848486,0.494949494949495,0.5050505050505051,0.5151515151515152,0.5252525252525253,0.5353535353535354,0.5454545454545455,0.5555555555555556,0.5656565656565657,0.5757575757575758,0.5858585858585859,0.595959595959596,0.6060606060606061,0.6161616161616162,0.6262626262626263,0.6363636363636365,0.6464646464646465,0.6565656565656566,0.6666666666666667,0.6767676767676768,0.686868686868687,0.696969696969697,0.7070707070707072,0.7171717171717172,0.7272727272727273,0.7373737373737375,0.7474747474747475,0.7575757575757577,0.7676767676767677,0.7777777777777778,0.787878787878788,0.797979797979798,0.8080808080808082,0.8181818181818182,0.8282828282828284,0.8383838383838385,0.8484848484848485,0.8585858585858587,0.8686868686868687,0.8787878787878789,0.888888888888889,0.8989898989898991,0.9090909090909092,0.9191919191919192,0.9292929292929294,0.9393939393939394,0.9494949494949496,0.9595959595959597,0.9696969696969697,0.9797979797979799,0.98989898989899,1.0
61,0.0,0.010101010101010102,0.020202020202020204,0.030303030303030304,0.04040404040404041,0.05050505050505051,0.06060606060606061,0.07070707070707072,0.08080808080808081,0.09090909090909091,0.10101010101010102,0.11111111111111112,0.12121212121212122,0.13131313131313133,0.14141414141414144,0.15151515151515152,0.16161616161616163,0.17171717171717174,0.18181818181818182,0.19191919191919193,0.20202020202020204,0.21212121212121213,0.22222222222222224,0.23232323232323235,0.24242424242424243,0.25252525252525254,0.26262626262626265,0.27272727272727276,0.2828282828282829,0.29292929292929293,0.30303030303030304,0.31313131313131315,0.32323232323232326,0.33333333333333337,0.3434343434343435,0.3535353535353536,0.36363636363636365,0.37373737373737376,0.38383838383838387,0.393939393939394,0.4040404040404041,0.4141414141414142,0.42424242424242425,0.43434343434343436,0.4444444444444445,0.4545454545454546,0.4646464646464647,0.4747474747474748,0.48484848484848486,0.494949494949495,0.5050505050505051,0.5151515151515152,0.5252525252525253,0.5353535353535354,0.5454545454545455,0.5555555555555556,0.5656565656565657,0.5757575757575758,0.5858585858585859,0.595959595959596,0.6060606060606061,0.6161616161616162,0.6262626262626263,0.6363636363636365,0.6464646464646465,0.6565656565656566,0.6666666666666667,0.6767676767676768,0.686868686868687,0.696969696969697,0.7070707070707072,0.7171717171717172,0.7272727272727273,0.7373737373737375,0.7474747474747475,0.7575757575757577,0.7676767676767677,0.7777777777777778,0.787878787878788,0.797979797979798,0.8080808080808082,0.8181818181818182,0.8282828282828284,0.8383838383838385,0.8484848484848485,0.8585858585858587,0.8686868686868687,0.8787878787878789,0.888888888888889,0.8989898989898991,0.9090909090909092,0.9191919191919192,0.9292929292929294,0.9393939393939394,0.9494949494949496,0.9595959595959597,0.9696969696969697,0.9797979797979799,0.98989898989899,1.0
62,0.0,0.010101010101010102,0.020202020202020204,0.030303030303030304,0.04040404040404041,0.05050505050505051,0.06060606060606061,0.07070707070707072,0.08080808080808081,0.09090909090909091,0.10101010101010102,0.11111111111111112,0.12121212121212122,0.13131313131313133,0.14141414141414144,0.15151515151515152,0.16161616161616163,0.17171717171717174,0.18181818181818182,0.19191919191919193,0.20202020202020204,0.21212121212121213,0.22222222222222224,0.23232323232323235,0.24242424242424243,0.25252525252525254,0.26262626262626265,0.27272727272727276,0.2828282828282829,0.29292929292929293,0.30303030303030304,0.31313131313131315,0.32323232323232326,0.33333333333333337,0.3434343434343435,0.3535353535353536,0.36363636363636365,0.37373737373737376,0.38383838383838387,0.393939393939394,0.4040404040404041,0.4141414141414142,0.42424242424242425,0.43434343434343436,0.4444444444444445,0.4545454545454546,0.4646464646464647,0.4747474747474748,0.48484848484848486,0.494949494949495,0.5050505050505051,0.5151515151515152,0.5252525252525253,0.5353535353535354,0.5454545454545455,0.5555555555555556,0.5656565656565657,0.5757575757575758,0.5858585858585859,0.595959595959596,0.6060606060606061,0.6161616161616162,0.6262626262626263,0.6363636363636365,0.6464646464646465,0.6565656565656566,0.6666666666666667,0.6767676767676768,0.686868686868687,0.696969696969697,0.7070707070707072,0.7171717171717172,0.7272727272727273,0.7373737373737375,0.7474747474747475,0.7575757575757577,0.7676767676767677,0.7777777777777778,0.787878787878788,0.797979797979798,0.8080808080808082,0.8181818181818182,0.8282828282828284,0.8383838383838385,0.8484848484848485,0.8585858585858587,0.8686868686868687,0.8787878787878789,0.888888888888889,0.8989898989898991,0.9090909090909092,0.9191919191919192,0.9292929292929294,0.9393939393939394,0.9494949494949496,0.9595959595959597,0.9696969696969697,0.9797979797979799,0.98989898989899,1.0
63,0.0,0.010101010101010102,0.020202020202020204,0.030303030303030304,0.04040404040404041,0.05050505050505051,0.06060606060606061,0.07070707070707072,0.08080808080808081,0.09090909090909091,0.10101010101010102,0.11111111111111112,0.12121212121212122,0.13131313131313133,0.14141414141414144,0.15151515151515152,0.16161616161616163,0.17171717171717174,0.18181818181818182,0.19191919191919193,0.20202020202020204,0.21212121212121213,0.22222222222222224,0.23232323232323235,0.24242424242424243,0.25252525252525254,0.26262626262626265,0.27272727272727276,0.2828282828282829,0.29292929292929293,0.30303030303030304,0.31313131313131315,0.32323232323232326,0.33333333333333337,0.3434343434343435,0.3535353535353536,0.36363636363636365,0.37373737373737376,0.38383838383838387,0.393939393939394,0.4040404040404041,0.4141414141414142,0.42424242424242425,0.43434343434343436,0.4444444444444445,0.4545454545454546,0.4646464646464647,0.4747474747474748,0.48484848484848486,0.494949494949495,0.5050505050505051,0.5151515151515152,0.5252525252525253,0.5353535353535354,0.5454545454545455,0.5555555555555556,0.5656565656565657,0.5757575757575758,0.5858585858585859,0.595959595959596,0.6060606060606061,0.6161616161616162,0.6262626262626263,0.6363636363636365,0.6464646464646465,0.6565656565656566,0.6666666666666667,0.6767676767676768,0.686868686868687,0.696969696969697,0.7070707070707072,0.7171717171717172,0.7272727272727273,0.7373737373737375,0.7474747474747475,0.7575757575757577,0.7676767676767677,0.7777777777777778,0.787878787878788,0.797979797979798,0.8080808080808082,0.8181818181818182,0.8282828282828284,0.8383838383838385,0.8484848484848485,0.8585858585858587,0.8686868686868687,0.8787878787878789,0.888888888888889,0.8989898989898991,0.9090909090909092,0.9191919191919192,0.9292929292929294,0.9393939393939394,0.9494949494949496,0.9595959595959597,0.9696969696969697,0.9797979797979799,0.98989898989899,1.0
64,0.0,0.010101010101010102,0.020202020202020204,0.030303030303030304,0.04040404040404041,0.05050505050505051,0.06060606060606061,0.07070707070707072,0.08080808080808081,0.09090909090909091,0.10101010101010102,0.11111111111111112,0.12121212121212122,0.13131313131313133,0.14141414141414144,0.15151515151515152,0.16161616161616163,0.17171717171717174,0.18181818181818182,0.19191919191919193,0.20202020202020204,0.21212121212121213,0.22222222222222224,0.23232323232323235,0.24242424242424243,0.25252525252525254,0.26262626262626265,0.27272727272727276,0.2828282828282829,0.29292929292929293,0.30303030303030304,0.31313131313131315,0.32323232323232326,0.33333333333333337,0.3434343434343435,0.3535353535353536,0.36363636363636365,0.37373737373737376,0.38383838383838387,0.393939393939394,0.4040404040404041,0.4141414141414142,0.42424242424242425,0.43434343434343436,0.4444444444444445,0.4545454545454546,0.4646464646464647,0.4747474747474748,0.48484848484848486,0.494949494949495,0.5050505050505051,0.5151515151515152,0.5252525252525253,0.5353535353535354,0.5454545454545455,0.5555555555555556,0.5656565656565657,0.5757575757575758,0.5858585858585859,0.595959595959596,0.6060606060606061,0.6161616161616162,0.6262626262626263,0.6363636363636365,0.6464646464646465,0.6565656565656566,0.6666666666666667,0.6767676767676768,0.686868686868687,0.696969696969697,0.7070707070707072,0.7171717171717172,0.7272727272727273,0.7373737373737375,0.7474747474747475,0.7575757575757577,0.7676767676767677,0.7777777777777778,0.787878787878788,0.797979797979798,0.8080808080808082,0.8181818181818182,0.8282828282828284,0.8383838383838385,0.8484848484848485,0.8585858585858587,0.8686868686868687,0.8787878787878789,0.888888888888889,0.8989898989898991,0.9090909090909092,0.9191919191919192,0.9292929292929294,0.9393939393939394,0.9494949494949496,0.9595959595959597,0.9696969696969697,0.9797979797979799,0.98989898989899,1.0
65,0.0,0.010101010101010102,0.020202020202020204,0.030303030303030304,0.04040404040404041,0.05050505050505051,0.06060606060606061,0.07070707070707072,0.08080808080808081,0.09090909090909091,0.10101010101010102,0.11111111111111112,0.12121212121212122,0.13131313131313133,0.14141414141414144,0.15151515151515152,0.16161616161616163,0.17171717171717174,0.18181818181818182,0.19191919191919193,0.20202020202020204,0.21212121212121213,0.22222222222222224,0.23232323232323235,0.24242424242424243,0.25252525252525254,0.26262626262626265,0.27272727272727276,0.2828282828282829,0.29292929292929293,0.30303030303030304,0.31313131313131315,0.32323232323232326,0.33333333333333337,0.3434343434343435,0.3535353535353536,0.36363636363636365,0.37373737373737376,0.38383838383838387,0.393939393939394,0.4040404040404041,0.4141414141414142,0.42424242424242425,0.43434343434343436,0.4444444444444445,0.4545454545454546,0.4646464646464647,0.4747474747474748,0.48484848484848486,0.494949494949495,0.5050505050505051,0.5151515151515152,0.5252525252525253,0.5353535353535354,0.5454545454545455,0.5555555555555556,0.5656565656565657,0.5757575757575758,0.5858585858585859,0.595959595959596,0.6060606060606061,0.6161616161616162,0.6262626262626263,0.6363636363636365,0.6464646464646465,0.6565656565656566,0.6666666666666667,0.6767676767676768,0.686868686868687,0.696969696969697,0.7070707070707072,0.7171717171717172,0.7272727272727273,0.7373737373737375,0.7474747474747475,0.7575757575757577,0.7676767676767677,0.7777777777777778,0.787878787878788,0.797979797979798,0.8080808080808082,0.8181818181818182,0.8282828282828284,0.8383838383838385,0.8484848484848485,0.8585858585858587,0.8686868686868687,0.8787878787878789,0.888888888888889,0.8989898989898991,0.9090909090909092,0.9191919191919192,0.9292929292929294,0.9393939393939394,0.9494949494949496,0.9595959595959597,0.9696969696969697,0.9797979797979799,0.98989898989899,1.0
66,0.0,0.010101010101010102,0.020202020202020204,0.030303030303030304,0.04040404040404041,0.05050505050505051,0.06060606060606061,0.07070707070707072,0.08080808080808081,0.09090909090909091,0.10101010101010102,0.11111111111111112,0.12121212121212122,0.13131313131313133,0.14141414141414144,0.15151515151515152,0.16161616161616163,0.17171717171717174,0.18181818181818182,0.19191919191919193,0.20202020202020204,0.21212121212121213,0.22222222222222224,0.23232323232323235,0.24242424242424243,0.25252525252525254,0.26262626262626265,0.27272727272727276,0.2828282828282829,0.29292929292929293,0.30303030303030304,0.31313131313131315,0.32323232323232326,0.33333333333333337,0.3434343434343435,0.3535353535353536,0.36363636363636365,0.37373737373737376,0.38383838383838387,0.393939393939394,0.4040404040404041,0.4141414141414142,0.42424242424242425,0.43434343434343436,0.4444444444444445,0.4545454545454546,0.4646464646464647,0.4747474747474748,0.48484848484848486,0.494949494949495,0.5050505050505051,0.5151515151515152,0.5252525252525253,0.5353535353535354,0.5454545454545455,0.5555555555555556,0.5656565656565657,0.5757575757575758,0.5858585858585859,0.595959595959596,0.6060606060606061,0.6161616161616162,0.6262626262626263,0.6363636363636365,0.6464646464646465,0.6565656565656566,0.6666666666666667,0.6767676767676768,0.686868686868687,0.696969696969697,0.7070707070707072,0.7171717171717172,0.7272727272727273,0.7373737373737375,0.7474747474747475,0.7575757575757577,0.7676767676767677,0.7777777777777778,0.787878787878788,0.797979797979798,0.8080808080808082,0.8181818181818182,0.8282828282828284,0.8383838383838385,0.8484848484848485,0.8585858585858587,0.8686868686868687,0.8787878787878789,0.888888888888889,0.8989898989898991,0.9090909090909092,0.9191919191919192,0.9292929292929294,0.9393939393939394,0.9494949494949496,0.9595959595959597,0.9696969696969697,0.9797979797979799,0.98989898989899,1.0
67,0.0,0.010101010101010102,0.020202020202020204,0.030303030303030304,0.04040404040404041,0.05050505050505051,0.06060606060606061,0.07070707070707072,0.08080808080808081,0.09090909090909091,0.10101010101010102,0.11111111111111112,0.12121212121212122,0.13131313131313133,0.14141414141414144,0.15151515151515152,0.16161616161616163,0.17171717171717174,0.18181818181818182,0.19191919191919193,0.20202020202020204,0.21212121212121213,0.22222222222222224,0.23232323232323235,0.24242424242424243,0.25252525252525254,0.26262626262626265,0.27272727272727276,0.2828282828282829,0.29292929292929293,0.30303030303030304,0.31313131313131315,0.32323232323232326,0.33333333333333337,0.3434343434343435,0.3535353535353536,0.36363636363636365,0.37373737373737376,0.38383838383838387,0.393939393939394,0.4040404040404041,0.4141414141414142,0.42424242424242425,0.43434343434343436,0.4444444444444445,0.4545454545454546,0.4646464646464647,0.4747474747474748,0.48484848484848486,0.494949494949495,0.5050505050505051,0.5151515151515152,0.5252525252525253,0.5353535353535354,0.5454545454545455,0.5555555555555556,0.5656565656565657,0.5757575757575758,0.5858585858585859,0.595959595959596,0.6060606060606061,0.6161616161616162,0.6262626262626263,0.6363636363636365,0.6464646464646465,0.6565656565656566,0.6666666666666667,0.6767676767676768,0.686868686868687,0.696969696969697,0.7070707070707072,0.7171717171717172,0.7272727272727273,0.7373737373737375,0.7474747474747475,0.7575757575757577,0.7676767676767677,0.7777777777777778,0.787878787878788,0.797979797979798,0.8080808080808082,0.8181818181818182,0.8282828282828284,0.8383838383838385,0.8484848484848485,0.8585858585858587,0.8686868686868687,0.8787878787878789,0.888888888888889,0.8989898989898991,0.9090909090909092,0.9191919191919192,0.9292929292929294,0.9393939393939394,0.9494949494949496,0.9595959595959597,0.9696969696969697,0.9797979797979799,0.98989898989899,1.0
68,0.0,0.010101010101010102,0.020202020202020204,0.030303030303030304,0.04040404040404041,0.05050505050505051,0.06060606060606061,0.07070707070707072,0.08080808080808081,0.09090909090909091,0.10101010101010102,0.11111111111111112,0.12121212121212122,0.13131313131313133,0.14141414141414144,0.15151515151515152,0.16161616161616163,0.17171717171717174,0.18181818181818182,0.19191919191919193,0.20202020202020204,0.21212121212121213,0.22222222222222224,0.23232323232323235,0.24242424242424243,0.25252525252525254,0.26262626262626265,0.27272727272727276,0.2828282828282829,0.29292929292929293,0.30303030303030304,0.31313131313131315,0.32323232323232326,0.33333333333333337,0.3434343434343435,0.3535353535353536,0.36363636363636365,0.37373737373737376,0.38383838383838387,0.393939393939394,0.4040404040404041,0.4141414141414142,0.42424242424242425,0.43434343434343436,0.4444444444444445,0.4545454545454546,0.4646464646464647,0.4747474747474748,0.48484848484848486,0.494949494949495,0.5050505050505051,0.5151515151515152,0.5252525252525253,0.5353535353535354,0.5454545454545455,0.5555555555555556,0.5656565656565657,0.5757575757575758,0.5858585858585859,0.595959595959596,0.6060606060606061,0.6161616161616162,0.6262626262626263,0.6363636363636365,0.6464646464646465,0.6565656565656566,0.6666666666666667,0.6767676767676768,0.686868686868687,0.696969696969697,0.7070707070707072,0.7171717171717172,0.7272727272727273,0.7373737373737375,0.7474747474747475,0.7575757575757577,0.7676767676767677,0.7777777777777778,0.787878787878788,0.797979797979798,0.8080808080808082,0.8181818181818182,0.8282828282828284,0.8383838383838385,0.8484848484848485,0.8585858585858587,0.8686868686868687,0.8787878787878789,0.888888888888889,0.8989898989898991,0.9090909090909092,0.9191919191919192,0.9292929292929294,0.9393939393939394,0.9494949494949496,0.9595959595959597,0.9696969696969697,0.9797979797979799,0.98989898989899,1.0
69,0.0,0.010101010101010102,0.020202020202020204,0.030303030303030304,0.04040404040404041,0.05050505050505051,0.06060606060606061,0.07070707070707072,0.08080808080808081,0.09090909090909091,0.10101010101010102,0.11111111111111112,0.12121212121212122,0.13131313131313133,0.14141414141414144,0.15151515151515152,0.16161616161616163,0.17171717171717174,0.18181818181818182,0.19191919191919193,0.20202020202020204,0.21212121212121213,0.22222222222222224,0.23232323232323235,0.24242424242424243,0.25252525252525254,0.26262626262626265,0.27272727272727276,0.2828282828282829,0.29292929292929293,0.30303030303030304,0.31313131313131315,0.32323232323232326,0.33333333333333337,0.3434343434343435,0.3535353535353536,0.36363636363636365,0.37373737373737376,0.38383838383838387,0.393939393939394,0.4040404040404041,0.4141414141414142,0.42424242424242425,0.43434343434343436,0.4444444444444445,0.4545454545454546,0.4646464646464647,0.4747474747474748,0.48484848484848486,0.494949494949495,0.5050505050505051,0.5151515151515152,0.5252525252525253,0.5353535353535354,0.5454545454545455,0.5555555555555556,0.5656565656565657,0.5757575757575758,0.5858585858585859,0.595959595959596,0.6060606060606061,0.6161616161616162,0.6262626262626263,0.6363636363636365,0.6464646464646465,0.6565656565656566,0.6666666666666667,0.6767676767676768,0.686868686868687,0.696969696969697,0.7070707070707072,0.7171717171717172,0.7272727272727273,0.7373737373737375,0.7474747474747475,0.7575757575757577,0.7676767676767677,0.7777777777777778,0.787878787878788,0.797979797979798,0.8080808080808082,0.8181818181818182,0.8282828282828284,0.8383838383838385,0.8484848484848485,0.8585858585858587,0.8686868686868687,0.8787878787878789,0.888888888888889,0.8989898989898991,0.9090909090909092,0.9191919191919192,0.9292929292929294,0.9393939393939394,0.9494949494949496,0.9595959595959597,0.9696969696969697,0.9797979797979799,0.98989898989899,1.0
70,0.0,0.010101010101010102,0.020202020202020204,0.030303030303030304,0.04040404040404041,0.05050505050505051,0.06060606060606061,0.07070707070707072,0.08080808080808081,0.09090909090909091,0.10101010101010102,0.11111111111111112,0.12121212121212122,0.13131313131313133,0.14141414141414144,0.15151515151515152,0.16161616161616163,0.17171717171717174,0.18181818181818182,0.19191919191919193,0.20202020202020204,0.21212121212121213,0.22222222222222224,0.23232323232323235,0.24242424242424243,0.25252525252525254,0.26262626262626265,0.27272727272727276,0.2828282828282829,0.29292929292929293,0.30303030303030304,0.31313131313131315,0.32323232323232326,0.33333333333333337,0.3434343434343435,0.3535353535353536,0.36363636363636365,0.37373737373737376,0.38383838383838387,0.393939393939394,0.4040404040404041,0.4141414141414142,0.42424242424242425,0.43434343434343436,0.4444444444444445,0.4545454545454546,0.4646464646464647,0.4747474747474748,0.48484848484848486,0.494949494949495,0.5050505050505051,0.5151515151515152,0.5252525252525253,0.5353535353535354,0.5454545454545455,0.5555555555555556,0.5656565656565657,0.5757575757575758,0.5858585858585859,0.595959595959596,0.6060606060606061,0.6161616161616162,0.6262626262626263,0.6363636363636365,0.6464646464646465,0.6565656565656566,0.6666666666666667,0.6767676767676768,0.686868686868687,0.696969696969697,0.7070707070707072,0.7171717171717172,0.7272727272727273,0.7373737373737375,0.7474747474747475,0.7575757575757577,0.7676767676767677,0.7777777777777778,0.787878787878788,0.797979797979798,0.8080808080808082,0.8181818181818182,0.8282828282828284,0.8383838383838385,0.8484848484848485,0.8585858585858587,0.8686868686868687,0.8787878787878789,0.888888888888889,0.8989898989898991,0.9090909090909092,0.9191919191919192,0.9292929292929294,0.9393939393939394,0.9494949494949496,0.9595959595959597,0.9696969696969697,0.9797979797979799,0.98989898989899,1.0
71,0.0,0.010101010101010102,0.020202020202020204,0.030303030303030304,0.04040404040404041,0.05050505050505051,0.06060606060606061,0.07070707070707072,0.08080808080808081,0.09090909090909091,0.10101010101010102,0.11111111111111112,0.12121212121212122,0.13131313131313133,0.14141414141414144,0.15151515151515152,0.16161616161616163,0.17171717171717174,0.18181818181818182,0.19191919191919193,0.20202020202020204,0.21212121212121213,0.22222222222222224,0.23232323232323235,0.24242424242424243,0.25252525252525254,0.26262626262626265,0.27272727272727276,0.2828282828282829,0.29292929292929293,0.30303030303030304,0.31313131313131315,0.32323232323232326,0.33333333333333337,0.3434343434343435,0.3535353535353536,0.36363636363636365,0.37373737373737376,0.38383838383838387,0.393939393939394,0.4040404040404041,0.4141414141414142,0.42424242424242425,0.43434343434343436,0.4444444444444445,0.4545454545454546,0.4646464646464647,0.4747474747474748,0.48484848484848486,0.494949494949495,0.5050505050505051,0.5151515151515152,0.5252525252525253,0.5353535353535354,0.5454545454545455,0.5555555555555556,0.5656565656565657,0.5757575757575758,0.5858585858585859,0.595959595959596,0.6060606060606061,0.6161616161616162,0.6262626262626263,0.6363636363636365,0.6464646464646465,0.6565656565656566,0.6666666666666667,0.6767676767676768,0.686868686868687,0.696969696969697,0.7070707070707072,0.7171717171717172,0.7272727272727273,0.7373737373737375,0.7474747474747475,0.7575757575757577,0.7676767676767677,0.7777777777777778,0.787878787878788,0.797979797979798,0.8080808080808082,0.8181818181818182,0.8282828282828284,0.8383838383838385,0.8484848484848485,0.8585858585858587,0.8686868686868687,0.8787878787878789,0.888888888888889,0.8989898989898991,0.9090909090909092,0.9191919191919192,0.9292929292929294,0.9393939393939394,0.9494949494949496,0.9595959595959597,0.9696969696969697,0.9797979797979799,0.98989898989899,1.0
72,0.0,0.010101010101010102,0.020202020202020204,0.030303030303030304,0.04040404040404041,0.05050505050505051,0.06060606060606061,0.07070707070707072,0.08080808080808081,0.09090909090909091,0.10101010101010102,0.11111111111111112,0.12121212121212122,0.13131313131313133,0.14141414141414144,0.15151515151515152,0.16161616161616163,0.17171717171717174,0.18181818181818182,0.19191919191919193,0.20202020202020204,0.21212121212121213,0.22222222222222224,0.23232323232323235,0.24242424242424243,0.25252525252525254,0.26262626262626265,0.27272727272727276,0.2828282828282829,0.29292929292929293,0.30303030303030304,0.31313131313131315,0.32323232323232326,0.33333333333333337,0.3434343434343435,0.3535353535353536,0.36363636363636365,0.37373737373737376,0.38383838383838387,0.393939393939394,0.4040404040404041,0.4141414141414142,0.42424242424242425,0.43434343434343436,0.4444444444444445,0.4545454545454546,0.4646464646464647,0.4747474747474748,0.48484848484848486,0.494949494949495,0.5050505050505051,0.5151515151515152,0.5252525252525253,0.5353535353535354,0.5454545454545455,0.5555555555555556,0.5656565656565657,0.5757575757575758,0.5858585858585859,0.595959595959596,0.6060606060606061,0.6161616161616162,0.6262626262626263,0.6363636363636365,0.6464646464646465,0.6565656565656566,0.6666666666666667,0.6767676767676768,0.686868686868687,0.696969696969697,0.7070707070707072,0.7171717171717172,0.7272727272727273,0.7373737373737375,0.7474747474747475,0.7575757575757577,0.7676767676767677,0.7777777777777778,0.787878787878788,0.797979797979798,0.8080808080808082,0.8181818181818182,0.8282828282828284,0.8383838383838385,0.8484848484848485,0.8585858585858587,0.8686868686868687,0.8787878787878789,0.888888888888889,0.8989898989898991,0.9090909090909092,0.9191919191919192,0.9292929292929294,0.9393939393939394,0.9494949494949496,0.9595959595959597,0.9696969696969697,0.9797979797979799,0.98989898989899,1.0
73,0.0,0.010101010101010102,0.020202020202020204,0.030303030303030304,0.04040404040404041,0.05050505050505051,0.06060606060606061,0.07070707070707072,0.08080808080808081,0.09090909090909091,0.10101010101010102,0.11111111111111112,0.12121212121212122,0.13131313131313133,0.14141414141414144,0.15151515151515152,0.16161616161616163,0.17171717171717174,0.18181818181818182,0.19191919191919193,0.20202020202020204,0.21212121212121213,0.22222222222222224,0.23232323232323235,0.24242424242424243,0.25252525252525254,0.26262626262626265,0.27272727272727276,0.2828282828282829,0.29292929292929293,0.30303030303030304,0.31313131313131315,0.32323232323232326,0.33333333333333337,0.3434343434343435,0.3535353535353536,0.36363636363636365,0.37373737373737376,0.38383838383838387,0.393939393939394,0.4040404040404041,0.4141414141414142,0.42424242424242425,0.43434343434343436,0.4444444444444445,0.4545454545454546,0.4646464646464647,0.4747474747474748,0.48484848484848486,0.494949494949495,0.5050505050505051,0.5151515151515152,0.5252525252525253,0.5353535353535354,0.5454545454545455,0.5555555555555556,0.5656565656565657,0.5757575757575758,0.5858585858585859,0.595959595959596,0.6060606060606061,0.6161616161616162,0.6262626262626263,0.6363636363636365,0.6464646464646465,0.6565656565656566,0.6666666666666667,0.6767676767676768,0.686868686868687,0.696969696969697,0.7070707070707072,0.7171717171717172,0.7272727272727273,0.7373737373737375,0.7474747474747475,0.7575757575757577,0.7676767676767677,0.7777777777777778,0.787878787878788,0.797979797979798,0.8080808080808082,0.8181818181818182,0.8282828282828284,0.8383838383838385,0.8484848484848485,0.8585858585858587,0.8686868686868687,0.8787878787878789,0.888888888888889,0.8989898989898991,0.9090909090909092,0.9191919191919192,0.9292929292929294,0.9393939393939394,0.9494949494949496,0.9595959595959597,0.9696969696969697,0.9797979797979799,0.98989898989899,1.0
74,0.0,0.010101010101010102,0.020202020202020204,0.030303030303030304,0.04040404040404041,0.05050505050505051,0.06060606060606061,0.07070707070707072,0.08080808080808081,0.09090909090909091,0.10101010101010102,0.11111111111111112,0.12121212121212122,0.13131313131313133,0.14141414141414144,0.15151515151515152,0.16161616161616163,0.17171717171717174,0.18181818181818182,0.19191919191919193,0.20202020202020204,0.21212121212121213,0.22222222222222224,0.23232323232323235,0.24242424242424243,0.25252525252525254,0.26262626262626265,0.27272727272727276,0.2828282828282829,0.29292929292929293,0.30303030303030304,0.31313131313131315,0.32323232323232326,0.33333333333333337,0.3434343434343435,0.3535353535353536,0.36363636363636365,0.37373737373737376,0.38383838383838387,0.393939393939394,0.4040404040404041,0.4141414141414142,0.42424242424242425,0.43434343434343436,0.4444444444444445,0.4545454545454546,0.4646464646464647,0.4747474747474748,0.48484848484848486,0.494949494949495,0.5050505050505051,0.5151515151515152,0.5252525252525253,0.5353535353535354,0.5454545454545455,0.5555555555555556,0.5656565656565657,0.5757575757575758,0.5858585858585859,0.595959595959596,0.6060606060606061,0.6161616161616162,0.6262626262626263,0.6363636363636365,0.6464646464646465,0.6565656565656566,0.6666666666666667,0.6767676767676768,0.686868686868687,0.696969696969697,0.7070707070707072,0.7171717171717172,0.7272727272727273,0.7373737373737375,0.7474747474747475,0.7575757575757577,0.7676767676767677,0.7777777777777778,0.787878787878788,0.797979797979798,0.8080808080808082,0.8181818181818182,0.8282828282828284,0.8383838383838385,0.8484848484848485,0.8585858585858587,0.8686868686868687,0.8787878787878789,0.888888888888889,0.8989898989898991,0.9090909090909092,0.9191919191919192,0.9292929292929294,0.9393939393939394,0.9494949494949496,0.9595959595959597,0.9696969696969697,0.9797979797979799,0.98989898989899,1.0
75,0.0,0.010101010101010102,0.020202020202020204,0.030303030303030304,0.04040404040404041,0.05050505050505051,0.06060606060606061,0.07070707070707072,0.08080808080808081,0.09090909090909091,0.10101010101010102,0.11111111111111112,0.12121212121212122,0.13131313131313133,0.14141414141414144,0.15151515151515152,0.16161616161616163,0.17171717171717174,0.18181818181818182,0.19191919191919193,0.20202020202020204,0.21212121212121213,0.22222222222222224,0.23232323232323235,0.24242424242424243,0.25252525252525254,0.26262626262626265,0.27272727272727276,0.2828282828282829,0.29292929292929293,0.30303030303030304,0.31313131313131315,0.32323232323232326,0.33333333333333337,0.3434343434343435,0.3535353535353536,0.36363636363636365,0.37373737373737376,0.38383838383838387,0.393939393939394,0.4040404040404041,0.4141414141414142,0.42424242424242425,0.43434343434343436,0.4444444444444445,0.4545454545454546,0.4646464646464647,0.4747474747474748,0.48484848484848486,0.494949494949495,0.5050505050505051,0.5151515151515152,0.5252525252525253,0.5353535353535354,0.5454545454545455,0.5555555555555556,0.5656565656565657,0.5757575757575758,0.5858585858585859,0.595959595959596,0.6060606060606061,0.6161616161616162,0.6262626262626263,0.6363636363636365,0.6464646464646465,0.6565656565656566,0.6666666666666667,0.6767676767676768,0.686868686868687,0.696969696969697,0.7070707070707072,0.7171717171717172,0.7272727272727273,0.7373737373737375,0.7474747474747475,0.7575757575757577,0.7676767676767677,0.7777777777777778,0.787878787878788,0.797979797979798,0.8080808080808082,0.8181818181818182,0.8282828282828284,0.8383838383838385,0.8484848484848485,0.8585858585858587,0.8686868686868687,0.8787878787878789,0.888888888888889,0.8989898989898991,0.9090909090909092,0.9191919191919192,0.9292929292929294,0.9393939393939394,0.9494949494949496,0.9595959595959597,0.9696969696969697,0.9797979797979799,0.98989898989899,1.0
76,0.0,0.010101010101010102,0.020202020202020204,0.030303030303030304,0.04040404040404041,0.05050505050505051,0.06060606060606061,0.07070707070707072,0.08080808080808081,0.09090909090909091,0.10101010101010102,0.11111111111111112,0.12121212121212122,0.13131313131313133,0.14141414141414144,0.15151515151515152,0.16161616161616163,0.17171717171717174,0.18181818181818182,0.19191919191919193,0.20202020202020204,0.21212121212121213,0.22222222222222224,0.23232323232323235,0.24242424242424243,0.25252525252525254,0.26262626262626265,0.27272727272727276,0.2828282828282829,0.29292929292929293,0.30303030303030304,0.31313131313131315,0.32323232323232326,0.33333333333333337,0.3434343434343435,0.3535353535353536,0.36363636363636365,0.37373737373737376,0.38383838383838387,0.393939393939394,0.4040404040404041,0.4141414141414142,0.42424242424242425,0.43434343434343436,0.4444444444444445,0.4545454545454546,0.4646464646464647,0.4747474747474748,0.48484848484848486,0.494949494949495,0.5050505050505051,0.5151515151515152,0.5252525252525253,0.5353535353535354,0.5454545454545455,0.5555555555555556,0.5656565656565657,0.5757575757575758,0.5858585858585859,0.595959595959596,0.6060606060606061,0.6161616161616162,0.6262626262626263,0.6363636363636365,0.6464646464646465,0.6565656565656566,0.6666666666666667,0.6767676767676768,0.686868686868687,0.696969696969697,0.7070707070707072,0.7171717171717172,0.7272727272727273,0.7373737373737375,0.7474747474747475,0.7575757575757577,0.7676767676767677,0.7777777777777778,0.787878787878788,0.797979797979798,0.8080808080808082,0.8181818181818182,0.8282828282828284,0.8383838383838385,0.8484848484848485,0.8585858585858587,0.8686868686868687,0.8787878787878789,0.888888888888889,0.8989898989898991,0.9090909090909092,0.9191919191919192,0.9292929292929294,0.9393939393939394,0.9494949494949496,0.9595959595959597,0.9696969696969697,0.9797979797979799,0.98989898989899,1.0
77,0.0,0.010101010101010102,0.020202020202020204,0.030303030303030304,0.04040404040404041,0.05050505050505051,0.06060606060606061,0.07070707070707072,0.08080808080808081,0.09090909090909091,0.10101010101010102,0.11111111111111112,0.12121212121212122,0.13131313131313133,0.14141414141414144,0.15151515151515152,0.16161616161616163,0.17171717171717174,0.18181818181818182,0.19191919191919193,0.20202020202020204,0.21212121212121213,0.22222222222222224,0.23232323232323235,0.24242424242424243,0.25252525252525254,0.26262626262626265,0.27272727272727276,0.2828282828282829,0.29292929292929293,0.30303030303030304,0.31313131313131315,0.32323232323232326,0.33333333333333337,0.3434343434343435,0.3535353535353536,0.36363636363636365,0.37373737373737376,0.38383838383838387,0.393939393939394,0.4040404040404041,0.4141414141414142,0.42424242424242425,0.43434343434343436,0.4444444444444445,0.4545454545454546,0.4646464646464647,0.4747474747474748,0.48484848484848486,0.494949494949495,0.5050505050505051,0.5151515151515152,0.5252525252525253,0.5353535353535354,0.5454545454545455,0.5555555555555556,0.5656565656565657,0.5757575757575758,0.5858585858585859,0.595959595959596,0.6060606060606061,0.6161616161616162,0.6262626262626263,0.6363636363636365,0.6464646464646465,0.6565656565656566,0.6666666666666667,0.6767676767676768,0.686868686868687,0.696969696969697,0.7070707070707072,0.7171717171717172,0.7272727272727273,0.7373737373737375,0.7474747474747475,0.7575757575757577,0.7676767676767677,0.7777777777777778,0.787878787878788,0.797979797979798,0.8080808080808082,0.8181818181818182,0.8282828282828284,0.8383838383838385,0.8484848484848485,0.8585858585858587,0.8686868686868687,0.8787878787878789,0.888888888888889,0.8989898989898991,0.9090909090909092,0.9191919191919192,0.9292929292929294,0.9393939393939394,0.9494949494949496,0.9595959595959597,0.9696969696969697,0.9797979797979799,0.98989898989899,1.0
78,0.0,0.010101010101010102,0.020202020202020204,0.030303030303030304,0.04040404040404041,0.05050505050505051,0.06060606060606061,0.07070707070707072,0.08080808080808081,0.09090909090909091,0.10101010101010102,0.11111111111111112,0.12121212121212122,0.13131313131313133,0.14141414141414144,0.15151515151515152,0.16161616161616163,0.17171717171717174,0.18181818181818182,0.19191919191919193,0.20202020202020204,0.21212121212121213,0.22222222222222224,0.23232323232323235,0.24242424242424243,0.25252525252525254,0.26262626262626265,0.27272727272727276,0.2828282828282829,0.29292929292929293,0.30303030303030304,0.31313131313131315,0.32323232323232326,0.33333333333333337,0.3434343434343435,0.3535353535353536,0.36363636363636365,0.37373737373737376,0.38383838383838387,0.393939393939394,0.4040404040404041,0.4141414141414142,0.42424242424242425,0.43434343434343436,0.4444444444444445,0.4545454545454546,0.4646464646464647,0.4747474747474748,0.48484848484848486,0.494949494949495,0.5050505050505051,0.5151515151515152,0.5252525252525253,0.5353535353535354,0.5454545454545455,0.5555555555555556,0.5656565656565657,0.5757575757575758,0.5858585858585859,0.595959595959596,0.6060606060606061,0.6161616161616162,0.6262626262626263,0.6363636363636365,0.6464646464646465,0.6565656565656566,0.6666666666666667,0.6767676767676768,0.686868686868687,0.696969696969697,0.7070707070707072,0.7171717171717172,0.7272727272727273,0.7373737373737375,0.7474747474747475,0.7575757575757577,0.7676767676767677,0.7777777777777778,0.787878787878788,0.797979797979798,0.8080808080808082,0.8181818181818182,0.8282828282828284,0.8383838383838385,0.8484848484848485,0.8585858585858587,0.8686868686868687,0.8787878787878789,0.888888888888889,0.8989898989898991,0.9090909090909092,0.9191919191919192,0.9292929292929294,0.9393939393939394,0.9494949494949496,0.9595959595959597,0.9696969696969697,0.9797979797979799,0.98989898989899,1.0
79,0.0,0.010101010101010102,0.020202020202020204,0.030303030303030304,0.04040404040404041,0.05050505050505051,0.06060606060606061,0.07070707070707072,0.08080808080808081,0.09090909090909091,0.10101010101010102,0.11111111111111112,0.12121212121212122,0.13131313131313133,0.14141414141414144,0.15151515151515152,0.16161616161616163,0.17171717171717174,0.18181818181818182,0.19191919191919193,0.20202020202020204,0.21212121212121213,0.22222222222222224,0.23232323232323235,0.24242424242424243,0.25252525252525254,0.26262626262626265,0.27272727272727276,0.2828282828282829,0.29292929292929293,0.30303030303030304,0.31313131313131315,0.32323232323232326,0.33333333333333337,0.3434343434343435,0.3535353535353536,0.36363636363636365,0.37373737373737376,0.38383838383838387,0.393939393939394,0.4040404040404041,0.4141414141414142,0.42424242424242425,0.43434343434343436,0.4444444444444445,0.4545454545454546,0.4646464646464647,0.4747474747474748,0.48484848484848486,0.494949494949495,0.5050505050505051,0.5151515151515152,0.5252525252525253,0.5353535353535354,0.5454545454545455,0.5555555555555556,0.5656565656565657,0.5757575757575758,0.5858585858585859,0.595959595959596,0.6060606060606061,0.6161616161616162,0.6262626262626263,0.6363636363636365,0.6464646464646465,0.6565656565656566,0.6666666666666667,0.6767676767676768,0.686868686868687,0.696969696969697,0.7070707070707072,0.7171717171717172,0.7272727272727273,0.7373737373737375,0.7474747474747475,0.7575757575757577,0.7676767676767677,0.7777777777777778,0.787878787878788,0.797979797979798,0.8080808080808082,0.8181818181818182,0.8282828282828284,0.8383838383838385,0.8484848484848485,0.8585858585858587,0.8686868686868687,0.8787878787878789,0.888888888888889,0.8989898989898991,0.9090909090909092,0.9191919191919192,0.9292929292929294,0.9393939393939394,0.9494949494949496,0.9595959595959597,0.9696969696969697,0.9797979797979799,0.98989898989899,1.0
80,0.0,0.010101010101010102,0.020202020202020204,0.030303030303030304,0.04040404040404041,0.05050505050505051,0.06060606060606061,0.07070707070707072,0.08080808080808081,0.09090909090909091,0.10101010101010102,0.11111111111111112,0.12121212121212122,0.13131313131313133,0.14141414141414144,0.15151515151515152,0.16161616161616163,0.17171717171717174,0.18181818181818182,0.19191919191919193,0.20202020202020204,0.21212121212121213,0.22222222222222224,0.23232323232323235,0.24242424242424243,0.25252525252525254,0.26262626262626265,0.27272727272727276,0.2828282828282829,0.29292929292929293,0.30303030303030304,0.31313131313131315,0.32323232323232326,0.33333333333333337,0.3434343434343435,0.3535353535353536,0.36363636363636365,0.37373737373737376,0.38383838383838387,0.393939393939394,0.4040404040404041,0.4141414141414142,0.42424242424242425,0.43434343434343436,0.4444444444444445,0.4545454545454546,0.4646464646464647,0.4747474747474748,0.48484848484848486,0.494949494949495,0.5050505050505051,0.5151515151515152,0.5252525252525253,0.5353535353535354,0.5454545454545455,0.5555555555555556,0.5656565656565657,0.5757575757575758,0.5858585858585859,0.595959595959596,0.6060606060606061,0.6161616161616162,0.6262626262626263,0.6363636363636365,0.6464646464646465,0.6565656565656566,0.6666666666666667,0.6767676767676768,0.686868686868687,0.696969696969697,0.7070707070707072,0.7171717171717172,0.7272727272727273,0.7373737373737375,0.7474747474747475,0.7575757575757577,0.7676767676767677,0.7777777777777778,0.787878787878788,0.797979797979798,0.8080808080808082,0.8181818181818182,0.8282828282828284,0.8383838383838385,0.8484848484848485,0.8585858585858587,0.8686868686868687,0.8787878787878789,0.888888888888889,0.8989898989898991,0.9090909090909092,0.9191919191919192,0.9292929292929294,0.9393939393939394,0.9494949494949496,0.9595959595959597,0.9696969696969697,0.9797979797979799,0.98989898989899,1.0
81,0.0,0.010101010101010102,0.020202020202020204,0.030303030303030304,0.04040404040404041,0.05050505050505051,0.06060606060606061,0.07070707070707072,0.08080808080808081,0.09090909090909091,0.10101010101010102,0.11111111111111112,0.12121212121212122,0.13131313131313133,0.14141414141414144,0.15151515151515152,0.16161616161616163,0.17171717171717174,0.18181818181818182,0.19191919191919193,0.20202020202020204,0.21212121212121213,0.22222222222222224,0.23232323232323235,0.24242424242424243,0.25252525252525254,0.26262626262626265,0.27272727272727276,0.2828282828282829,0.29292929292929293,0.30303030303030304,0.31313131313131315,0.32323232323232326,0.33333333333333337,0.3434343434343435,0.3535353535353536,0.36363636363636365,0.37373737373737376,0.38383838383838387,0.393939393939394,0.4040404040404041,0.4141414141414142,0.42424242424242425,0.43434343434343436,0.4444444444444445,0.4545454545454546,0.4646464646464647,0.4747474747474748,0.48484848484848486,0.494949494949495,0.5050505050505051,0.5151515151515152,0.5252525252525253,0.5353535353535354,0.5454545454545455,0.5555555555555556,0.5656565656565657,0.5757575757575758,0.5858585858585859,0.595959595959596,0.6060606060606061,0.6161616161616162,0.6262626262626263,0.6363636363636365,0.6464646464646465,0.6565656565656566,0.6666666666666667,0.6767676767676768,0.686868686868687,0.696969696969697,0.7070707070707072,0.7171717171717172,0.7272727272727273,0.7373737373737375,0.7474747474747475,0.7575757575757577,0.7676767676767677,0.7777777777777778,0.787878787878788,0.797979797979798,0.8080808080808082,0.8181818181818182,0.8282828282828284,0.8383838383838385,0.8484848484848485,0.8585858585858587,0.8686868686868687,0.8787878787878789,0.888888888888889,0.8989898989898991,0.9090909090909092,0.9191919191919192,0.9292929292929294,0.9393939393939394,0.9494949494949496,0.9595959595959597,0.9696969696969697,0.9797979797979799,0.98989898989899,1.0
82,0.0,0.010101010101010102,0.020202020202020204,0.030303030303030304,0.04040404040404041,0.05050505050505051,0.06060606060606061,0.07070707070707072,0.08080808080808081,0.09090909090909091,0.10101010101010102,0.11111111111111112,0.12121212121212122,0.13131313131313133,0.14141414141414144,0.15151515151515152,0.16161616161616163,0.17171717171717174,0.18181818181818182,0.19191919191919193,0.20202020202020204,0.21212121212121213,0.22222222222222224,0.23232323232323235,0.24242424242424243,0.25252525252525254,0.26262626262626265,0.27272727272727276,0.2828282828282829,0.29292929292929293,0.30303030303030304,0.31313131313131315,0.32323232323232326,0.33333333333333337,0.3434343434343435,0.3535353535353536,0.36363636363636365,0.37373737373737376,0.38383838383838387,0.393939393939394,0.4040404040404041,0.4141414141414142,0.42424242424242425,0.43434343434343436,0.4444444444444445,0.4545454545454546,0.4646464646464647,0.4747474747474748,0.48484848484848486,0.494949494949495,0.5050505050505051,0.5151515151515152,0.5252525252525253,0.5353535353535354,0.5454545454545455,0.5555555555555556,0.5656565656565657,0.5757575757575758,0.5858585858585859,0.595959595959596,0.6060606060606061,0.6161616161616162,0.6262626262626263,0.6363636363636365,0.6464646464646465,0.6565656565656566,0.6666666666666667,0.6767676767676768,0.686868686868687,0.696969696969697,0.7070707070707072,0.7171717171717172,0.7272727272727273,0.7373737373737375,0.7474747474747475,0.7575757575757577,0.7676767676767677,0.7777777777777778,0.787878787878788,0.797979797979798,0.8080808080808082,0.8181818181818182,0.8282828282828284,0.8383838383838385,0.8484848484848485,0.8585858585858587,0.8686868686868687,0.8787878787878789,0.888888888888889,0.8989898989898991,0.9090909090909092,0.9191919191919192,0.9292929292929294,0.9393939393939394,0.9494949494949496,0.9595959595959597,0.9696969696969697,0.9797979797979799,0.98989898989899,1.0
83,0.0,0.010101010101010102,0.020202020202020204,0.030303030303030304,0.04040404040404041,0.05050505050505051,0.06060606060606061,0.07070707070707072,0.08080808080808081,0.09090909090909091,0.10101010101010102,0.11111111111111112,0.12121212121212122,0.13131313131313133,0.14141414141414144,0.15151515151515152,0.16161616161616163,0.17171717171717174,0.18181818181818182,0.19191919191919193,0.20202020202020204,0.21212121212121213,0.22222222222222224,0.23232323232323235,0.24242424242424243,0.25252525252525254,0.26262626262626265,0.27272727272727276,0.2828282828282829,0.29292929292929293,0.30303030303030304,0.31313131313131315,0.32323232323232326,0.33333333333333337,0.3434343434343435,0.3535353535353536,0.36363636363636365,0.37373737373737376,0.38383838383838387,0.393939393939394,0.4040404040404041,0.4141414141414142,0.42424242424242425,0.43434343434343436,0.4444444444444445,0.4545454545454546,0.4646464646464647,0.4747474747474748,0.48484848484848486,0.494949494949495,0.5050505050505051,0.5151515151515152,0.5252525252525253,0.5353535353535354,0.5454545454545455,0.5555555555555556,0.5656565656565657,0.5757575757575758,0.5858585858585859,0.595959595959596,0.6060606060606061,0.6161616161616162,0.6262626262626263,0.6363636363636365,0.6464646464646465,0.6565656565656566,0.6666666666666667,0.6767676767676768,0.686868686868687,0.696969696969697,0.7070707070707072,0.7171717171717172,0.7272727272727273,0.7373737373737375,0.7474747474747475,0.7575757575757577,0.7676767676767677,0.7777777777777778,0.787878787878788,0.797979797979798,0.8080808080808082,0.8181818181818182,0.8282828282828284,0.8383838383838385,0.8484848484848485,0.8585858585858587,0.8686868686868687,0.8787878787878789,0.888888888888889,0.8989898989898991,0.9090909090909092,0.9191919191919192,0.9292929292929294,0.9393939393939394,0.9494949494949496,0.9595959595959597,0.9696969696969697,0.9797979797979799,0.98989898989899,1.0
84,0.0,0.010101010101010102,0.020202020202020204,0.030303030303030304,0.04040404040404041,0.05050505050505051,0.06060606060606061,0.07070707070707072,0.08080808080808081,0.09090909090909091,0.10101010101010102,0.11111111111111112,0.12121212121212122,0.13131313131313133,0.14141414141414144,0.15151515151515152,0.16161616161616163,0.17171717171717174,0.18181818181818182,0.19191919191919193,0.20202020202020204,0.21212121212121213,0.22222222222222224,0.23232323232323235,0.24242424242424243,0.25252525252525254,0.26262626262626265,0.27272727272727276,0.2828282828282829,0.29292929292929293,0.30303030303030304,0.31313131313131315,0.32323232323232326,0.33333333333333337,0.3434343434343435,0.3535353535353536,0.36363636363636365,0.37373737373737376,0.38383838383838387,0.393939393939394,0.4040404040404041,0.4141414141414142,0.42424242424242425,0.43434343434343436,0.4444444444444445,0.4545454545454546,0.4646464646464647,0.4747474747474748,0.48484848484848486,0.494949494949495,0.5050505050505051,0.5151515151515152,0.5252525252525253,0.5353535353535354,0.5454545454545455,0.5555555555555556,0.5656565656565657,0.5757575757575758,0.5858585858585859,0.595959595959596,0.6060606060606061,0.6161616161616162,0.6262626262626263,0.6363636363636365,0.6464646464646465,0.6565656565656566,0.6666666666666667,0.6767676767676768,0.686868686868687,0.696969696969697,0.7070707070707072,0.7171717171717172,0.7272727272727273,0.7373737373737375,0.7474747474747475,0.7575757575757577,0.7676767676767677,0.7777777777777778,0.787878787878788,0.797979797979798,0.8080808080808082,0.8181818181818182,0.8282828282828284,0.8383838383838385,0.8484848484848485,0.8585858585858587,0.8686868686868687,0.8787878787878789,0.888888888888889,0.8989898989898991,0.9090909090909092,0.9191919191919192,0.9292929292929294,0.9393939393939394,0.9494949494949496,0.9595959595959597,0.9696969696969697,0.9797979797979799,0.98989898989899,1.0
85,0.0,0.010101010101010102,0.020202020202020204,0.030303030303030304,0.04040404040404041,0.05050505050505051,0.06060606060606061,0.07070707070707072,0.08080808080808081,0.09090909090909091,0.10101010101010102,0.11111111111111112,0.12121212121212122,0.13131313131313133,0.14141414141414144,0.15151515151515152,0.16161616161616163,0.17171717171717174,0.18181818181818182,0.19191919191919193,0.20202020202020204,0.21212121212121213,0.22222222222222224,0.23232323232323235,0.24242424242424243,0.25252525252525254,0.26262626262626265,0.27272727272727276,0.2828282828282829,0.29292929292929293,0.30303030303030304,0.31313131313131315,0.32323232323232326,0.33333333333333337,0.3434343434343435,0.3535353535353536,0.36363636363636365,0.37373737373737376,0.38383838383838387,0.393939393939394,0.4040404040404041,0.4141414141414142,0.42424242424242425,0.43434343434343436,0.4444444444444445,0.4545454545454546,0.4646464646464647,0.4747474747474748,0.48484848484848486,0.494949494949495,0.5050505050505051,0.5151515151515152,0.5252525252525253,0.5353535353535354,0.5454545454545455,0.5555555555555556,0.5656565656565657,0.5757575757575758,0.5858585858585859,0.595959595959596,0.6060606060606061,0.6161616161616162,0.6262626262626263,0.6363636363636365,0.6464646464646465,0.6565656565656566,0.6666666666666667,0.6767676767676768,0.686868686868687,0.696969696969697,0.7070707070707072,0.7171717171717172,0.7272727272727273,0.7373737373737375,0.7474747474747475,0.7575757575757577,0.7676767676767677,0.7777777777777778,0.787878787878788,0.797979797979798,0.8080808080808082,0.8181818181818182,0.8282828282828284,0.8383838383838385,0.8484848484848485,0.8585858585858587,0.8686868686868687,0.8787878787878789,0.888888888888889,0.8989898989898991,0.9090909090909092,0.9191919191919192,0.9292929292929294,0.9393939393939394,0.9494949494949496,0.9595959595959597,0.9696969696969697,0.9797979797979799,0.98989898989899,1.0
86,0.0,0.010101010101010102,0.020202020202020204,0.030303030303030304,0.04040404040404041,0.05050505050505051,0.06060606060606061,0.07070707070707072,0.08080808080808081,0.09090909090909091,0.10101010101010102,0.11111111111111112,0.12121212121212122,0.13131313131313133,0.14141414141414144,0.15151515151515152,0.16161616161616163,0.17171717171717174,0.18181818181818182,0.19191919191919193,0.20202020202020204,0.21212121212121213,0.22222222222222224,0.23232323232323235,0.24242424242424243,0.25252525252525254,0.26262626262626265,0.27272727272727276,0.2828282828282829,0.29292929292929293,0.30303030303030304,0.31313131313131315,0.32323232323232326,0.33333333333333337,0.3434343434343435,0.3535353535353536,0.36363636363636365,0.37373737373737376,0.38383838383838387,0.393939393939394,0.4040404040404041,0.4141414141414142,0.42424242424242425,0.43434343434343436,0.4444444444444445,0.4545454545454546,0.4646464646464647,0.4747474747474748,0.48484848484848486,0.494949494949495,0.5050505050505051,0.5151515151515152,0.5252525252525253,0.5353535353535354,0.5454545454545455,0.5555555555555556,0.5656565656565657,0.5757575757575758,0.5858585858585859,0.595959595959596,0.6060606060606061,0.6161616161616162,0.6262626262626263,0.6363636363636365,0.6464646464646465,0.6565656565656566,0.6666666666666667,0.6767676767676768,0.686868686868687,0.696969696969697,0.7070707070707072,0.7171717171717172,0.7272727272727273,0.7373737373737375,0.7474747474747475,0.7575757575757577,0.7676767676767677,0.7777777777777778,0.787878787878788,0.797979797979798,0.8080808080808082,0.8181818181818182,0.8282828282828284,0.8383838383838385,0.8484848484848485,0.8585858585858587,0.8686868686868687,0.8787878787878789,0.888888888888889,0.8989898989898991,0.9090909090909092,0.9191919191919192,0.9292929292929294,0.9393939393939394,0.9494949494949496,0.9595959595959597,0.9696969696969697,0.9797979797979799,0.98989898989899,1.0
87,0.0,0.010101010101010102,0.020202020202020204,0.030303030303030304,0.04040404040404041,0.05050505050505051,0.06060606060606061,0.07070707070707072,0.08080808080808081,0.09090909090909091,0.10101010101010102,0.11111111111111112,0.12121212121212122,0.13131313131313133,0.14141414141414144,0.15151515151515152,0.16161616161616163,0.17171717171717174,0.18181818181818182,0.19191919191919193,0.20202020202020204,0.21212121212121213,0.22222222222222224,0.23232323232323235,0.24242424242424243,0.25252525252525254,0.26262626262626265,0.27272727272727276,0.2828282828282829,0.29292929292929293,0.30303030303030304,0.31313131313131315,0.32323232323232326,0.33333333333333337,0.3434343434343435,0.3535353535353536,0.36363636363636365,0.37373737373737376,0.38383838383838387,0.393939393939394,0.4040404040404041,0.4141414141414142,0.42424242424242425,0.43434343434343436,0.4444444444444445,0.4545454545454546,0.4646464646464647,0.4747474747474748,0.48484848484848486,0.494949494949495,0.5050505050505051,0.5151515151515152,0.5252525252525253,0.5353535353535354,0.5454545454545455,0.5555555555555556,0.5656565656565657,0.5757575757575758,0.5858585858585859,0.595959595959596,0.6060606060606061,0.6161616161616162,0.6262626262626263,0.6363636363636365,0.6464646464646465,0.6565656565656566,0.6666666666666667,0.6767676767676768,0.686868686868687,0.696969696969697,0.7070707070707072,0.7171717171717172,0.7272727272727273,0.7373737373737375,0.7474747474747475,0.7575757575757577,0.7676767676767677,0.7777777777777778,0.787878787878788,0.797979797979798,0.8080808080808082,0.8181818181818182,0.8282828282828284,0.8383838383838385,0.8484848484848485,0.8585858585858587,0.8686868686868687,0.8787878787878789,0.888888888888889,0.8989898989898991,0.9090909090909092,0.9191919191919192,0.9292929292929294,0.9393939393939394,0.9494949494949496,0.9595959595959597,0.9696969696969697,0.9797979797979799,0.98989898989899,1.0
88,0.0,0.010101010101010102,0.020202020202020204,0.030303030303030304,0.04040404040404041,0.05050505050505051,0.06060606060606061,0.07070707070707072,0.08080808080808081,0.09090909090909091,0.10101010101010102,0.11111111111111112,0.12121212121212122,0.13131313131313133,0.14141414141414144,0.15151515151515152,0.16161616161616163,0.17171717171717174,0.18181818181818182,0.19191919191919193,0.20202020202020204,0.21212121212121213,0.22222222222222224,0.23232323232323235,0.24242424242424243,0.25252525252525254,0.26262626262626265,0.27272727272727276,0.2828282828282829,0.29292929292929293,0.30303030303030304,0.31313131313131315,0.32323232323232326,0.33333333333333337,0.3434343434343435,0.3535353535353536,0.36363636363636365,0.37373737373737376,0.38383838383838387,0.393939393939394,0.4040404040404041,0.4141414141414142,0.42424242424242425,0.43434343434343436,0.4444444444444445,0.4545454545454546,0.4646464646464647,0.4747474747474748,0.48484848484848486,0.494949494949495,0.5050505050505051,0.5151515151515152,0.5252525252525253,0.5353535353535354,0.5454545454545455,0.5555555555555556,0.5656565656565657,0.5757575757575758,0.5858585858585859,0.595959595959596,0.6060606060606061,0.6161616161616162,0.6262626262626263,0.6363636363636365,0.6464646464646465,0.6565656565656566,0.6666666666666667,0.6767676767676768,0.686868686868687,0.696969696969697,0.7070707070707072,0.7171717171717172,0.7272727272727273,0.7373737373737375,0.7474747474747475,0.7575757575757577,0.7676767676767677,0.7777777777777778,0.787878787878788,0.797979797979798,0.8080808080808082,0.8181818181818182,0.8282828282828284,0.8383838383838385,0.8484848484848485,0.8585858585858587,0.8686868686868687,0.8787878787878789,0.888888888888889,0.8989898989898991,0.9090909090909092,0.9191919191919192,0.9292929292929294,0.9393939393939394,0.9494949494949496,0.9595959595959597,0.9696969696969697,0.9797979797979799,0.98989898989899,1.0
89,0.0,0.010101010101010102,0.020202020202020204,0.030303030303030304,0.04040404040404041,0.05050505050505051,0.06060606060606061,0.07070707070707072,0.08080808080808081,0.09090909090909091,0.10101010101010102,0.11111111111111112,0.12121212121212122,0.13131313131313133,0.14141414141414144,0.15151515151515152,0.16161616161616163,0.17171717171717174,0.18181818181818182,0.19191919191919193,0.20202020202020204,0.21212121212121213,0.22222222222222224,0.23232323232323235,0.24242424242424243,0.25252525252525254,0.26262626262626265,0.27272727272727276,0.2828282828282829,0.29292929292929293,0.30303030303030304,0.31313131313131315,0.32323232323232326,0.33333333333333337,0.3434343434343435,0.3535353535353536,0.36363636363636365,0.37373737373737376,0.38383838383838387,0.393939393939394,0.4040404040404041,0.4141414141414142,0.42424242424242425,0.43434343434343436,0.4444444444444445,0.4545454545454546,0.4646464646464647,0.4747474747474748,0.48484848484848486,0.494949494949495,0.5050505050505051,0.5151515151515152,0.5252525252525253,0.5353535353535354,0.5454545454545455,0.5555555555555556,0.5656565656565657,0.5757575757575758,0.5858585858585859,0.595959595959596,0.6060606060606061,0.6161616161616162,0.6262626262626263,0.6363636363636365,0.6464646464646465,0.6565656565656566,0.6666666666666667,0.6767676767676768,0.686868686868687,0.696969696969697,0.7070707070707072,0.7171717171717172,0.7272727272727273,0.7373737373737375,0.7474747474747475,0.7575757575757577,0.7676767676767677,0.7777777777777778,0.787878787878788,0.797979797979798,0.8080808080808082,0.8181818181818182,0.8282828282828284,0.8383838383838385,0.8484848484848485,0.8585858585858587,0.8686868686868687,0.8787878787878789,0.888888888888889,0.8989898989898991,0.9090909090909092,0.9191919191919192,0.9292929292929294,0.9393939393939394,0.9494949494949496,0.9595959595959597,0.9696969696969697,0.9797979797979799,0.98989898989899,1.0
90,0.0,0.010101010101010102,0.020202020202020204,0.030303030303030304,0.04040404040404041,0.05050505050505051,0.06060606060606061,0.07070707070707072,0.08080808080808081,0.09090909090909091,0.10101010101010102,0.11111111111111112,0.12121212121212122,0.13131313131313133,0.14141414141414144,0.15151515151515152,0.16161616161616163,0.17171717171717174,0.18181818181818182,0.19191919191919193,0.20202020202020204,0.21212121212121213,0.22222222222222224,0.23232323232323235,0.24242424242424243,0.25252525252525254,0.26262626262626265,0.27272727272727276,0.2828282828282829,0.29292929292929293,0.30303030303030304,0.31313131313131315,0.32323232323232326,0.33333333333333337,0.3434343434343435,0.3535353535353536,0.36363636363636365,0.37373737373737376,0.38383838383838387,0.393939393939394,0.4040404040404041,0.4141414141414142,0.42424242424242425,0.43434343434343436,0.4444444444444445,0.4545454545454546,0.4646464646464647,0.4747474747474748,0.48484848484848486,0.494949494949495,0.5050505050505051,0.5151515151515152,0.5252525252525253,0.5353535353535354,0.5454545454545455,0.5555555555555556,0.5656565656565657,0.5757575757575758,0.5858585858585859,0.595959595959596,0.6060606060606061,0.6161616161616162,0.6262626262626263,0.6363636363636365,0.6464646464646465,0.6565656565656566,0.6666666666666667,0.6767676767676768,0.686868686868687,0.696969696969697,0.7070707070707072,0.7171717171717172,0.7272727272727273,0.7373737373737375,0.7474747474747475,0.7575757575757577,0.7676767676767677,0.7777777777777778,0.787878787878788,0.797979797979798,0.8080808080808082,0.8181818181818182,0.8282828282828284,0.8383838383838385,0.8484848484848485,0.8585858585858587,0.8686868686868687,0.8787878787878789,0.888888888888889,0.8989898989898991,0.9090909090909092,0.9191919191919192,0.9292929292929294,0.9393939393939394,0.9494949494949496,0.9595959595959597,0.9696969696969697,0.9797979797979799,0.98989898989899,1.0
91,0.0,0.010101010101010102,0.020202020202020204,0.030303030303030304,0.04040404040404041,0.05050505050505051,0.06060606060606061,0.07070707070707072,0.08080808080808081,0.09090909090909091,0.10101010101010102,0.11111111111111112,0.12121212121212122,0.13131313131313133,0.14141414141414144,0.15151515151515152,0.16161616161616163,0.17171717171717174,0.18181818181818182,0.19191919191919193,0.20202020202020204,0.21212121212121213,0.22222222222222224,0.23232323232323235,0.24242424242424243,0.25252525252525254,0.26262626262626265,0.27272727272727276,0.2828282828282829,0.29292929292929293,0.30303030303030304,0.31313131313131315,0.32323232323232326,0.33333333333333337,0.3434343434343435,0.3535353535353536,0.36363636363636365,0.37373737373737376,0.38383838383838387,0.393939393939394,0.4040404040404041,0.4141414141414142,0.42424242424242425,0.43434343434343436,0.4444444444444445,0.4545454545454546,0.4646464646464647,0.4747474747474748,0.48484848484848486,0.494949494949495,0.5050505050505051,0.5151515151515152,0.5252525252525253,0.5353535353535354,0.5454545454545455,0.5555555555555556,0.5656565656565657,0.5757575757575758,0.5858585858585859,0.595959595959596,0.6060606060606061,0.6161616161616162,0.6262626262626263,0.6363636363636365,0.6464646464646465,0.6565656565656566,0.6666666666666667,0.6767676767676768,0.686868686868687,0.696969696969697,0.7070707070707072,0.7171717171717172,0.7272727272727273,0.7373737373737375,0.7474747474747475,0.7575757575757577,0.7676767676767677,0.7777777777777778,0.787878787878788,0.797979797979798,0.8080808080808082,0.8181818181818182,0.8282828282828284,0.8383838383838385,0.8484848484848485,0.8585858585858587,0.8686868686868687,0.8787878787878789,0.888888888888889,0.8989898989898991,0.9090909090909092,0.9191919191919192,0.9292929292929294,0.9393939393939394,0.9494949494949496,0.9595959595959597,0.9696969696969697,0.9797979797979799,0.98989898989899,1.0
92,0.0,0.010101010101010102,0.020202020202020204,0.030303030303030304,0.04040404040404041,0.05050505050505051,0.06060606060606061,0.07070707070707072,0.08080808080808081,0.09090909090909091,0.10101010101010102,0.11111111111111112,0.12121212121212122,0.13131313131313133,0.14141414141414144,0.15151515151515152,0.16161616161616163,0.17171717171717174,0.18181818181818182,0.19191919191919193,0.20202020202020204,0.21212121212121213,0.22222222222222224,0.23232323232323235,0.24242424242424243,0.25252525252525254,0.26262626262626265,0.27272727272727276,0.2828282828282829,0.29292929292929293,0.30303030303030304,0.31313131313131315,0.32323232323232326,0.33333333333333337,0.3434343434343435,0.3535353535353536,0.36363636363636365,0.37373737373737376,0.38383838383838387,0.393939393939394,0.4040404040404041,0.4141414141414142,0.42424242424242425,0.43434343434343436,0.4444444444444445,0.4545454545454546,0.4646464646464647,0.4747474747474748,0.48484848484848486,0.494949494949495,0.5050505050505051,0.5151515151515152,0.5252525252525253,0.5353535353535354,0.5454545454545455,0.5555555555555556,0.5656565656565657,0.5757575757575758,0.5858585858585859,0.595959595959596,0.6060606060606061,0.6161616161616162,0.6262626262626263,0.6363636363636365,0.6464646464646465,0.6565656565656566,0.6666666666666667,0.6767676767676768,0.686868686868687,0.696969696969697,0.7070707070707072,0.7171717171717172,0.7272727272727273,0.7373737373737375,0.7474747474747475,0.7575757575757577,0.7676767676767677,0.7777777777777778,0.787878787878788,0.797979797979798,0.8080808080808082,0.8181818181818182,0.8282828282828284,0.8383838383838385,0.8484848484848485,0.8585858585858587,0.8686868686868687,0.8787878787878789,0.888888888888889,0.8989898989898991,0.9090909090909092,0.9191919191919192,0.9292929292929294,0.9393939393939394,0.9494949494949496,0.9595959595959597,0.9696969696969697,0.9797979797979799,0.98989898989899,1.0
93,0.0,0.010101010101010102,0.020202020202020204,0.030303030303030304,0.04040404040404041,0.05050505050505051,0.06060606060606061,0.07070707070707072,0.08080808080808081,0.09090909090909091,0.10101010101010102,0.11111111111111112,0.12121212121212122,0.13131313131313133,0.14141414141414144,0.15151515151515152,0.16161616161616163,0.17171717171717174,0.18181818181818182,0.19191919191919193,0.20202020202020204,0.21212121212121213,0.22222222222222224,0.23232323232323235,0.24242424242424243,0.25252525252525254,0.26262626262626265,0.27272727272727276,0.2828282828282829,0.29292929292929293,0.30303030303030304,0.31313131313131315,0.32323232323232326,0.33333333333333337,0.3434343434343435,0.3535353535353536,0.36363636363636365,0.37373737373737376,0.38383838383838387,0.393939393939394,0.4040404040404041,0.4141414141414142,0.42424242424242425,0.43434343434343436,0.4444444444444445,0.4545454545454546,0.4646464646464647,0.4747474747474748,0.48484848484848486,0.494949494949495,0.5050505050505051,0.5151515151515152,0.5252525252525253,0.5353535353535354,0.5454545454545455,0.5555555555555556,0.5656565656565657,0.5757575757575758,0.5858585858585859,0.595959595959596,0.6060606060606061,0.6161616161616162,0.6262626262626263,0.6363636363636365,0.6464646464646465,0.6565656565656566,0.6666666666666667,0.6767676767676768,0.686868686868687,0.696969696969697,0.7070707070707072,0.7171717171717172,0.7272727272727273,0.7373737373737375,0.7474747474747475,0.7575757575757577,0.7676767676767677,0.7777777777777778,0.787878787878788,0.797979797979798,0.8080808080808082,0.8181818181818182,0.8282828282828284,0.8383838383838385,0.8484848484848485,0.8585858585858587,0.8686868686868687,0.8787878787878789,0.888888888888889,0.8989898989898991,0.9090909090909092,0.9191919191919192,0.9292929292929294,0.9393939393939394,0.9494949494949496,0.9595959595959597,0.9696969696969697,0.9797979797979799,0.98989898989899,1.0
94,0.0,0.010101010101010102,0.020202020202020204,0.030303030303030304,0.04040404040404041,0.05050505050505051,0.06060606060606061,0.07070707070707072,0.08080808080808081,0.09090909090909091,0.10101010101010102,0.11111111111111112,0.12121212121212122,0.13131313131313133,0.14141414141414144,0.15151515151515152,0.16161616161616163,0.17171717171717174,0.18181818181818182,0.19191919191919193,0.20202020202020204,0.21212121212121213,0.22222222222222224,0.23232323232323235,0.24242424242424243,0.25252525252525254,0.26262626262626265,0.27272727272727276,0.2828282828282829,0.29292929292929293,0.30303030303030304,0.31313131313131315,0.32323232323232326,0.33333333333333337,0.3434343434343435,0.3535353535353536,0.36363636363636365,0.37373737373737376,0.38383838383838387,0.393939393939394,0.4040404040404041,0.4141414141414142,0.42424242424242425,0.43434343434343436,0.4444444444444445,0.4545454545454546,0.4646464646464647,0.4747474747474748,0.48484848484848486,0.494949494949495,0.5050505050505051,0.5151515151515152,0.5252525252525253,0.5353535353535354,0.5454545454545455,0.5555555555555556,0.5656565656565657,0.5757575757575758,0.5858585858585859,0.595959595959596,0.6060606060606061,0.6161616161616162,0.6262626262626263,0.6363636363636365,0.6464646464646465,0.6565656565656566,0.6666666666666667,0.6767676767676768,0.686868686868687,0.696969696969697,0.7070707070707072,0.7171717171717172,0.7272727272727273,0.7373737373737375,0.7474747474747475,0.7575757575757577,0.7676767676767677,0.7777777777777778,0.787878787878788,0.797979797979798,0.8080808080808082,0.8181818181818182,0.8282828282828284,0.8383838383838385,0.8484848484848485,0.8585858585858587,0.8686868686868687,0.8787878787878789,0.888888888888889,0.8989898989898991,0.9090909090909092,0.9191919191919192,0.9292929292929294,0.9393939393939394,0.9494949494949496,0.9595959595959597,0.9696969696969697,0.9797979797979799,0.98989898989899,1.0
95,0.0,0.010101010101010102,0.020202020202020204,0.030303030303030304,0.04040404040404041,0.05050505050505051,0.06060606060606061,0.07070707070707072,0.08080808080808081,0.09090909090909091,0.10101010101010102,0.11111111111111112,0.12121212121212122,0.13131313131313133,0.14141414141414144,0.15151515151515152,0.16161616161616163,0.17171717171717174,0.18181818181818182,0.19191919191919193,0.20202020202020204,0.21212121212121213,0.22222222222222224,0.23232323232323235,0.24242424242424243,0.25252525252525254,0.26262626262626265,0.27272727272727276,0.2828282828282829,0.29292929292929293,0.30303030303030304,0.31313131313131315,0.32323232323232326,0.33333333333333337,0.3434343434343435,0.3535353535353536,0.36363636363636365,0.37373737373737376,0.38383838383838387,0.393939393939394,0.4040404040404041,0.4141414141414142,0.42424242424242425,0.43434343434343436,0.4444444444444445,0.4545454545454546,0.4646464646464647,0.4747474747474748,0.48484848484848486,0.494949494949495,0.5050505050505051,0.5151515151515152,0.5252525252525253,0.5353535353535354,0.5454545454545455,0.5555555555555556,0.5656565656565657,0.5757575757575758,0.5858585858585859,0.595959595959596,0.6060606060606061,0.6161616161616162,0.6262626262626263,0.6363636363636365,0.6464646464646465,0.6565656565656566,0.6666666666666667,0.6767676767676768,0.686868686868687,0.696969696969697,0.7070707070707072,0.7171717171717172,0.7272727272727273,0.7373737373737375,0.7474747474747475,0.7575757575757577,0.7676767676767677,0.7777777777777778,0.787878787878788,0.797979797979798,0.8080808080808082,0.8181818181818182,0.8282828282828284,0.8383838383838385,0.8484848484848485,0.8585858585858587,0.8686868686868687,0.8787878787878789,0.888888888888889,0.8989898989898991,0.9090909090909092,0.9191919191919192,0.9292929292929294,0.9393939393939394,0.9494949494949496,0.9595959595959597,0.9696969696969697,0.9797979797979799,0.98989898989899,1.0
96,0.0,0.010101010101010102,0.020202020202020204,0.030303030303030304,0.04040404040404041,0.05050505050505051,0.06060606060606061,0.07070707070707072,0.08080808080808081,0.09090909090909091,0.10101010101010102,0.11111111111111112,0.12121212121212122,0.13131313131313133,0.14141414141414144,0.15151515151515152,0.16161616161616163,0.17171717171717174,0.18181818181818182,0.19191919191919193,0.20202020202020204,0.21212121212121213,0.22222222222222224,0.23232323232323235,0.24242424242424243,0.25252525252525254,0.26262626262626265,0.27272727272727276,0.2828282828282829,0.29292929292929293,0.30303030303030304,0.31313131313131315,0.32323232323232326,0.33333333333333337,0.3434343434343435,0.3535353535353536,0.36363636363636365,0.37373737373737376,0.38383838383838387,0.393939393939394,0.4040404040404041,0.4141414141414142,0.42424242424242425,0.43434343434343436,0.4444444444444445,0.4545454545454546,0.4646464646464647,0.4747474747474748,0.48484848484848486,0.494949494949495,0.5050505050505051,0.5151515151515152,0.5252525252525253,0.5353535353535354,0.5454545454545455,0.5555555555555556,0.5656565656565657,0.5757575757575758,0.5858585858585859,0.595959595959596,0.6060606060606061,0.6161616161616162,0.6262626262626263,0.6363636363636365,0.6464646464646465,0.6565656565656566,0.6666666666666667,0.6767676767676768,0.686868686868687,0.696969696969697,0.7070707070707072,0.7171717171717172,0.7272727272727273,0.7373737373737375,0.7474747474747475,0.7575757575757577,0.7676767676767677,0.7777777777777778,0.787878787878788,0.797979797979798,0.8080808080808082,0.8181818181818182,0.8282828282828284,0.8383838383838385,0.8484848484848485,0.8585858585858587,0.8686868686868687,0.8787878787878789,0.888888888888889,0.8989898989898991,0.9090909090909092,0.9191919191919192,0.9292929292929294,0.9393939393939394,0.9494949494949496,0.9595959595959597,0.9696969696969697,0.9797979797979799,0.98989898989899,1.0
97,0.0,0.010101010101010102,0.020202020202020204,0.030303030303030304,0.04040404040404041,0.05050505050505051,0.06060606060606061,0.07070707070707072,0.08080808080808081,0.09090909090909091,0.10101010101010102,0.11111111111111112,0.12121212121212122,0.13131313131313133,0.14141414141414144,0.15151515151515152,0.16161616161616163,0.17171717171717174,0.18181818181818182,0.19191919191919193,0.20202020202020204,0.21212121212121213,0.22222222222222224,0.23232323232323235,0.24242424242424243,0.25252525252525254,0.26262626262626265,0.27272727272727276,0.2828282828282829,0.29292929292929293,0.30303030303030304,0.31313131313131315,0.32323232323232326,0.33333333333333337,0.3434343434343435,0.3535353535353536,0.36363636363636365,0.37373737373737376,0.38383838383838387,0.393939393939394,0.4040404040404041,0.4141414141414142,0.42424242424242425,0.43434343434343436,0.4444444444444445,0.4545454545454546,0.4646464646464647,0.4747474747474748,0.48484848484848486,0.494949494949495,0.5050505050505051,0.5151515151515152,0.5252525252525253,0.5353535353535354,0.5454545454545455,0.5555555555555556,0.5656565656565657,0.5757575757575758,0.5858585858585859,0.595959595959596,0.6060606060606061,0.6161616161616162,0.6262626262626263,0.6363636363636365,0.6464646464646465,0.6565656565656566,0.6666666666666667,0.6767676767676768,0.686868686868687,0.696969696969697,0.7070707070707072,0.7171717171717172,0.7272727272727273,0.7373737373737375,0.7474747474747475,0.7575757575757577,0.7676767676767677,0.7777777777777778,0.787878787878788,0.797979797979798,0.8080808080808082,0.8181818181818182,0.8282828282828284,0.8383838383838385,0.8484848484848485,0.8585858585858587,0.8686868686868687,0.8787878787878789,0.888888888888889,0.8989898989898991,0.9090909090909092,0.9191919191919192,0.9292929292929294,0.9393939393939394,0.9494949494949496,0.9595959595959597,0.9696969696969697,0.9797979797979799,0.98989898989899,1.0
98,0.0,0.010101010101010102,0.020202020202020204,0.030303030303030304,0.04040404040404041,0.05050505050505051,0.06060606060606061,0.07070707070707072,0.08080808080808081,0.09090909090909091,0.10101010101010102,0.11111111111111112,0.12121212121212122,0.13131313131313133,0.14141414141414144,0.15151515151515152,0.16161616161616163,0.17171717171717174,0.18181818181818182,0.19191919191919193,0.20202020202020204,0.21212121212121213,0.22222222222222224,0.23232323232323235,0.24242424242424243,0.25252525252525254,0.26262626262626265,0.27272727272727276,0.2828282828282829,0.29292929292929293,0.30303030303030304,0.31313131313131315,0.32323232323232326,0.33333333333333337,0.3434343434343435,0.3535353535353536,0.36363636363636365,0.37373737373737376,0.38383838383838387,0.393939393939394,0.4040404040404041,0.4141414141414142,0.42424242424242425,0.43434343434343436,0.4444444444444445,0.4545454545454546,0.4646464646464647,0.4747474747474748,0.48484848484848486,0.494949494949495,0.5050505050505051,0.5151515151515152,0.5252525252525253,0.5353535353535354,0.5454545454545455,0.5555555555555556,0.5656565656565657,0.5757575757575758,0.5858585858585859,0.595959595959596,0.6060606060606061,0.6161616161616162,0.6262626262626263,0.6363636363636365,0.6464646464646465,0.6565656565656566,0.6666666666666667,0.6767676767676768,0.686868686868687,0.696969696969697,0.7070707070707072,0.7171717171717172,0.7272727272727273,0.7373737373737375,0.7474747474747475,0.7575757575757577,0.7676767676767677,0.7777777777777778,0.787878787878788,0.797979797979798,0.8080808080808082,0.8181818181818182,0.8282828282828284,0.8383838383838385,0.8484848484848485,0.8585858585858587,0.8686868686868687,0.8787878787878789,0.888888888888889,0.8989898989898991,0.9090909090909092,0.9191919191919192,0.9292929292929294,0.9393939393939394,0.9494949494949496,0.9595959595959597,0.9696969696969697,0.9797979797979799,0.98989898989899,1.0
99,0.0,0.010101010101010102,0.020202020202020204,0.030303030303030304,0.04040404040404041,0.05050505050505051,0.06060606060606061,0.07070707070707072,0.08080808080808081,0.09090909090909091,0.10101010101010102,0.11111111111111112,0.12121212121212122,0.13131313131313133,0.14141414141414144,0.15151515151515152,0.16161616161616163,0.17171717171717174,0.18181818181818182,0.19191919191919193,0.20202020202020204,0.21212121212121213,0.22222222222222224,0.23232323232323235,0.24242424242424243,0.25252525252525254,0.26262626262626265,0.27272727272727276,0.2828282828282829,0.29292929292929293,0.30303030303030304,0.31313131313131315,0.32323232323232326,0.33333333333333337,0.3434343434343435,0.3535353535353536,0.36363636363636365,0.37373737373737376,0.38383838383838387,0.393939393939394,0.4040404040404041,0.4141414141414142,0.42424242424242425,0.43434343434343436,0.4444444444444445,0.4545454545454546,0.4646464646464647,0.4747474747474748,0.48484848484848486,0.494949494949495,0.5050505050505051,0.5151515151515152,0.5252525252525253,0.5353535353535354,0.5454545454545455,0.5555555555555556,0.5656565656565657,0.5757575757575758,0.5858585858585859,0.595959595959596,0.6060606060606061,0.6161616161616162,0.6262626262626263,0.6363636363636365,0.6464646464646465,0.6565656565656566,0.6666666666666667,0.6767676767676768,0.686868686868687,0.696969696969697,0.7070707070707072,0.7171717171717172,0.7272727272727273,0.7373737373737375,0.7474747474747475,0.7575757575757577,0.7676767676767677,0.7777777777777778,0.787878787878788,0.797979797979798,0.8080808080808082,0.8181818181818182,0.8282828282828284,0.8383838383838385,0.8484848484848485,0.8585858585858587,0.8686868686868687,0.8787878787878789,0.888888888888889,0.8989898989898991,0.9090909090909092,0.9191919191919192,0.9292929292929294,0.9393939393939394,0.9494949494949496,0.9595959595959597,0.9696969696969697,0.9797979797979799,0.98989898989899,1.0
